14.1347251417346936559548702567772990814822302
20.3864731371322686915801316721236960877886829
25.2643865773052630407878866008825040171326425
29.5339512572578578687010718849017688444294515
33.4342134310585267100298094950776164327552185
37.0780816077254302922734714978598583066541676
40.5297844665506726879053495625446042020944269
43.8301016599199113011587385531919193437040428
47.0068955825387403254383525924456032630338695
50.0802332450645080041727475789084608997374756
53.0651538922855112224188769295198296733867245
55.9732851889084316592558875996713013854403321
58.8138451752200821171840186127755255843643434
61.5942937151650392589178350073208558546052345
64.3207728313388049795031627124989969025022815
66.9984141240920534629338045894717649462330211
69.631559347822774272723220520336942594604245
72.2239224323708000346959508262668618344486873
74.7787109388039257459347931892741333104836023
77.2987187419662760907940764397333423178757299
79.7863978772813455381554152810940971451102065
82.2439150205538094442522295865289083271737218
84.6731964473601066804227246091935158462265434
87.0759642281210320709269859833929223107958778
89.4537656667149121968063625693617007045316163
91.8079974675489029845406213677686595683671877
94.1399257443720573026355582303527780728110638
96.4507027159657929555168208965655731318510514
98.7413807376630745812767911048621043031063337
101.012924172272987530207790835385450235709784
103.266219494991253650596872011192829669423034
105.502083944264872241792099286532865037046084
107.7212729673310786374838785562690870303806
109.92448666027333984728824451132233725033255
112.112375364334448231233150293778636691140335
114.285544550280841754939137075448110569662034
116.444559098896808426775715383671540218234883
118.589947066771063357294354448713243446160664
120.722203011348225978896151311057083751835123
122.841790936942404051148464280134100057849427
124.949146913430635741627027295599462115090305
127.044681411184950499759285846312774014706623
129.128781389095387809077560132445246246582784
131.20181216699580553987876612992540556213976
133.2641191092049107231322215623560222600167
135.316029142059265863830841119703996225835792
137.357852125102268774323081046514368201291564
139.389882092890900553490309804327549398243178
141.412398382100219671184286939179322781650906
143.42566665667143715574674376073191798648872
145.429939842104015901633738458707256511522379
147.425458978587627333558822373971944558843669
149.412454001466746962863786365040328437903195
151.391144456496967134338318600133721645655835
153.361740156461193434885170812615318049496509
155.324441784943788934029121974557881510493652
157.279441452393174581057777966376586808397419
159.226923209023156679607012911001493492069459
161.167063518597592088126802674962228086469021
163.100031696701222442415043790698914833510735
165.025990316712602064479949215011722103853561
166.945095586355400251531463046035552402379187
168.85749769740552921871362815573617328868317
170.763341150868054781073812782656642970288738
172.662765059705032340681237986565597012902089
174.55590343098916530666683813307072098867927
176.442885429175574779267918246596957585390053
178.323835622020930358033171567700222502108362
180.19887421053489598379551634474650315412152
182.068117244219410845732060666392981324840032
183.93167682273600232371937969281220566711123
185.789661285037994985766549286707489370895752
187.642175386911838710188382437672546996879902
189.489320467788580695445630419472478865103397
191.331194607611672517692437428049162174790107
193.16789277447989243334106579254734122756489
194.999506963723349913357079096126421017620841
196.826126329015600309401273236916327342666741
198.647837306075196644554440729689924264190463
200.464723729464982925246918465876115746744848
202.276866942956595351517483281061223100666208
204.084345903890548221987775814025562330573585
205.887237281928554303493508840924687231896242
207.685615552564023002607368202367086492741929
209.479553085728690334655882932903328319850995
211.269120229807792661324333469052550227439914
213.054385391352861316212748960400846103195013
214.835415110759873484699969292156053114854307
216.612274134160954950491319417994373916449882
218.385025481759921743465186927736349542945484
220.153730512825517421851260321911855688081109
221.918448987541113661260091440802845451446348
223.67923912589577103182682490547388053719494
225.4361576637887938344400716494994408968442
227.189259906508158245620980161268814266240934
228.938599779732357272148539912985544023216517
230.684229878195208426623010940120017476779376
232.426201512143937743314629946166645370769912
234.164564751712320916232158441600774694177838
235.899368469322769391421533492508227372332385
237.630660380223942237352718242762352332947546
239.358487081263694645220092000466685569140553
241.082894087990896593536435116370102521580251
242.8039258701738302325261165862896804987579
244.521625885817465244885244257645165716799949
246.236036613756884455578320027542480222276539
247.947199584899456898940132645261065876280602
249.655155412184004690572667708897137434869621
251.359943819321158099168115800632245851193157
253.061603668375317063120067590524763743330537
254.760172986245115923456327161968752939070109
256.455688990096002017989451984038514252026419
258.148188111795470299035589792020249441514091
259.837706021398629073331297406951218807558318
261.524277649729091434715245334650684378774228
263.207937210097679304891946266958135212084339
264.888718219199079662864647050179996016178518
266.566653517224393988635447277988594664598667
268.241775287225461552821111457735823781737682
269.914115073764905173458470499201416118643238
271.58370380088403542511109995768786810718447
273.250571789419047715955972088183739522789898
274.914748773694348480207039280053671391241048
276.576263917620344887835109502337651128181652
278.235145830221620410899539365421399054739731
279.891422580620090258869983996458995044008361
281.545121712496480509342361439349378755261249
283.196270258052297535958740354070249595904453
284.844894751493345273876192479120116411873739
286.491021242054802517050701892192955674482879
288.134675306586886685554045792121207280039065
289.775882061719200506495507850516762328678334
291.414666175620980263533828052215737287174142
293.05105187937363538395615760214942131467411
294.685062977971186077651398348151137544634268
296.316722860963465662121675102385107927761509
297.946054512756254442959009879760671460926158
299.57308052258185009380086508885773254797863
301.197823094152953086527338805078388993197259
302.820304055012152710580120073107572300405252
304.440544865588737583679402817489518767724589
306.058566627974022422807277948247643581227505
307.674390094425878466202090866400928539519387
309.288035675612676681474423302303776156284413
310.899523448606399235804895255081976587484459
312.50887316463424421462080072809175131953635
314.116104256597639920312285659694970419979618
315.721235846367197013089515867701786901996893
317.324286751861758102139474170190341927895357
318.925275493919354060883728843227629468099162
320.524220302967543298229337868206545986826066
322.121139125500293505152668303564072367746122
323.716049630368264109324417730653421962417506
325.308969214889060961930267999215397790160326
326.899915010783761854353376736072050150754235
328.488903889945751570297407208641478331349922
330.075952470047657618695171523340449365839485
331.661077119991941903945371450741270308541042
333.244293965210478751571907623196079439834729
334.825618892818235334998657328243102617017565
336.405067556625966092843668755240495658132676
337.982655382016637668176698312650461971092184
339.558397570690114753852022107102963766704992
341.132309105280459531783863643737236381840378
342.704404753850027715705654134423082636481333
344.274699074264382138084605458462944003377003
345.843206418451889977144253496530503637948427
347.409940936551721735786589430498811773016291
348.97491658095382861737526999348602557448792
350.538147110234339669726456246815039803694663
352.099646092989690682078673805761025302771299
353.659426911572673030950015490212222288204933
355.217502765733472206139930937880568210776842
356.77388667616865234906852794028171003353776
358.328591487980934557528120351862744751033433
359.88162987405251272226152842091987085077485
361.433014338334551042465488495282010869803919
362.982757219055411911877893901612577983729309
364.530870691850071378041934858504939105568324
366.07736677281309166847320627432788890956952
367.622257321477436172342015094040608338992226
369.165554043721331597647088972609444294266976
370.707268494605304633068862093088389322666409
372.247412081141446180274376725778286987385891
373.785996064996884943617816282006723911027296
375.323031565133383734416463293833404325100004
376.858529560384906137610286544425494088228349
378.392500891974938077434872456502296352649942
379.924956265975288189665779727204599523315286
381.455906255708032650717945120652858152071027
382.985361304092214123556933841345333695343649
384.51333172593685065731257352636825691364441
386.039827710181758626875453505537011901828672
387.564859322087644030417853132874893458764126
389.088436505376868590899316672351212464611164
390.610569084326251050517907688750695521132468
392.131266765813219726994156705324821870002274
393.650539141316589743480263762186033018324141
395.168395688873197279242948799758757669149986
396.684845774991583648877592137362859841942553
398.199898656523883939636123967866654679988458
399.713563482497038258449110511594890860985968
401.225849295904408304192385965656694629545431
402.73676503545884793118462514511204615728959
404.246319537308243553856665449445907307705265
405.75452153671450860948653904918696964644887
407.261379669696985797631930985133619230020033
408.766902474641181405389600998682324616893048
410.271098393873727662924726454687137007272971
411.773975775204441711874180193644616295333144
413.275542873436323370147069784264119232687889
414.775807851844308402019997829490641173594851
416.274778783623569415648316840194544080146049
417.772463653308132776198347803893453661846603
419.26887035816055700829611847584625763558082
420.76400670953339603439510813973210577745649
422.257880434203149225390217759650006497225941
423.750499175677379597074445836054122111730477
425.24187049547566154283729590029968010829026
426.732001874385000222530605023836940541968408
428.220900713690346104014335815262891021246128
429.708574336380810152969320687613251713200031
431.195029988332167764593585231957520018825006
432.680274839466222705242979737302153849735289
434.16431598488758606134031015305932845486937
435.647160445998409456266785571561211742392329
437.12881517159159657363258999654873642375911
438.609287038923002298287917042662698623185734
440.088582854763114536453574592971329283198304
441.566709356428699985940905063736262118539512
443.043673212794881779828021979391213198238756
444.519481025288104006078942561683333146938649
445.99413932886042559600119622346680216805131
447.467654592945573961325321947047136153283373
448.940033222397177028840401482552160131140205
450.411281558409580959285818292473206645875077
451.88140587942164983047648815456215971815328
453.350412402003932900842036706936043782129526
454.818307281729574736601721666322671754009675
456.285096614029333472063377765989273112495913
457.750786435031062766867923295059638908023322
459.215382722384003615677575821856316300908459
460.678891396068223044518704273453501060581331
462.141318319189527883830461664350305764769435
463.602669298760173231710727996544617448614872
465.062950086465676902729451242123836388348842
466.522166379418043089184046302258310407925279
467.980323820895690634325046825613441025042363
469.437428001070373722726711783295531851800564
470.893484457721375423768430293152705012039586
472.348498676937247372575065772562685817592883
473.802476093805361931467000818030570640131851
475.255422093089536436993738376906958814942925
476.707342009895982596228482784669535292207013
478.158241130327827744694379272633065818604061
479.60812469212844851082429877895683374208277
481.056997885313851442202827739975384529805008
482.504865852794329331199139535660820110836658
483.951733690985616326381565849461312897771556
485.397606450409759425920556782319292314985578
486.842489136285918614842541232850021475269559
488.28638670911130272448606434712899400197837
489.729304085232443055006030680487610031202811
491.171246137407001905616824743306228544765626
492.612217695356308397970993737211688282925687
494.052223546308809351306619178512444476298443
495.491268435534618469585896905747886828727713
496.929357066871342726759123471817242666668841
498.36649410324136058263280079246206270680007
499.802684167160722524844228349867374671216791
501.237931841239840408524593932632589965920145
502.672241668676128150870566825017798311145255
504.105618153738752529663838381592036985604963
505.538065762245649129518174527989045336805224
506.969588922032954874145302031208956415122952
508.400192023417005074172810667034133818993328
509.829879419649039505081140024202655130634614
511.258655427362758705814132483637503115004409
512.686524327014868452815926838531490988332745
514.113490363318747214005777725423311814071114
515.539557745671368319960210810202753109558487
516.964730648573605602852831296815479287812553
518.389013212044048345112581708708618317459804
519.812409542026448546987174688131493883737177
521.234923710790920763002176219046994010749934
522.656559757329012069523851660431963436203427
524.077321687742757107172500054298122431169038
525.497213475627830590668130078855030150496149
526.916239062450907192863492812475626219306206
528.334402357921336287335809293944826034318946
529.751707240357236673134470875761958546967851
531.168157557046114104343142964119931662559691
532.583757124600102204293698188694915912307893
533.998509729305925157903885967775974507355952
535.412419127469678444091322666419217696640506
536.825489045756521791985170093511788011908896
538.237723181525376518205072020565116667636924
539.649125203158717426343524707924714429509236
541.059698750387547522557865885768505897653933
542.469447434611641921480888111045038806109686
543.878374839215145483167002782152489347414874
545.286484519877606933217581413814100800956477
546.693780004880530473328233329700803614603721
548.100264795409524187064596740649607204867769
549.505942365852122884531257912709323464117817
550.910816164091361408616217287877310765144364
552.314889611795172843571227773256772239306397
553.718166104701684522760286826311890255723017
555.120649012900483225440996750358120342818726
556.522341681109919481434229693148843582425838
557.923247428950519466514693007079510004672413
559.323369551214571569376056352018779367589554
560.722711318131953342175089137719949314953838
562.121275975632263210052985335286784992270742
563.519066745603320009808440291429218182661994
564.916086826146092153221433370980226073827403
566.312339391826116965589185634298442379339263
567.707827593921469534050498106128030170423284
569.102554560667339212478915545210771592361966
570.496523397497270769378617301062292233399928
571.889737187281126031601029361190249012041885
573.282198990559820769117300499333510806944801
574.673911845776890483854735501719740049190066
576.064878769506937708076445731117736821133694
577.455102756681012384314318178114713999452994
578.844586780808975888835807012123813112540004
580.233333794198898273432749624426737412224468
581.621346728173537335380413425155925576341895
583.008628493283947182159032350910090936026332
584.395181979520263035406138128148799752393671
585.781010056519708117039668718969794260109583
587.166115573771867579037983522937625255515134
588.550501360821273576477095399257233438320919
589.934170227467344740615472884340968994722934
591.317124963961722484604323936985454593472422
592.699368341203045768321390852676424977539702
594.080903110929205160426990287366998343782236
595.461732005907116264582928229222696709153552
596.84185774012005182243080635287579967492766
598.221283008952571067980732571499022296859313
599.600010489373084186110632851886708422118156
600.978042840114089021527421623329308451032848
602.355382701850116493412185284362626304703523
603.732032697373420494690674911755981738714257
605.107995431767447393076329127311921556195284
606.483273492578119603374121393789248362396498
607.857869449982967066667644514778528653631345
609.231785856958139851606151834154960742012103
610.605025249443334485738883033265886689014649
611.977590146504666030395729537183891151694951
613.349483050495517330679402770156716694578036
614.720706447215396302416215813182805023981618
616.091262806066831560119787213351065852381483
617.461154580210336143871556472048417520807085
618.830384206717468568238589280839449196072084
620.198954106722019892664646401310334104439125
621.566866685569354999923854918497088132397766
622.934124332963935766963372981429682788116058
624.300729423115053320534655606052779093319141
625.666684314880796088181251629062348377887513
627.031991351910279883179711439441468409876171
628.396652862784165799690481084187493530166148
629.760671161153491241444843697846857238660963
631.124048545876838963555041036935225586434272
632.486787301155868572276253344002618186814843
633.848889696669234501565153009469747140798206
635.210357987704914067869571743454990931830935
636.571194415290968795551855167688584497193846
637.931401206324761804504128950365879356015806
639.290980573700653658671215822138136302535688
640.649934716436198689175279075442890587207095
642.008265819796863428358956867320927057339596
643.365976055419288421158771913422726552892431
644.72306758143311431762025599174494561268652
646.079542542581392794907024995440241851589857
647.43540307033960250867857256246280392029098
648.790651283033289932060387755351756691958911
650.145289285954354605453579336533766570828301
651.499319171475997991981699496061020069057512
652.852743019166354811305753247503676073059543
654.205562895900825408713862251795339224405229
655.557780855973127406672589145331494488953422
656.909398941205084582278751579661948783488872
658.260419181055170616143169422154861711899182
659.610843592725825066043884973622797089322767
660.960674181269558632081765560030445624404994
662.309912939693864498934847909071441399785899
663.658561849064952265021057417871173128918627
665.006622878610320697826632952186475514257478
666.354097985820185289227090268610040286511477
667.700989116547776324208952477966427370966986
669.047298205108522920886487161751702196063528
670.393027174378138248993605077389606172369194
671.738177935889620888014680636622176703292549
673.082752389929187044699567056124662670309602
674.426752425631148112790084660911471476816052
675.770179921071747825272650476498252120684984
677.113036743361973021271627715862078738034175
678.455324748739351825719728776678728048979582
679.797045782658752820096858742186712267168474
681.138201679882198566730666797638819914008665
682.478794264567706637316330256427232809463952
683.81882535035717108835724883615688991713083
685.158296740463297122071812514188225520167501
686.497210227755601470875530810782460852639989
687.835567594845490846755701902974628927616429
689.173370614170430603632358347080024555276552
690.510621048077215571071083499250803578764867
691.847320648904354831408765441304942426924536
693.183471159063582029402402408163866453295955
694.519074311120502623845255463728392885096313
695.854131827874389314147081179648584806926062
697.188645422437136701580511334687984679508304
698.522616798311386074690003252465126500890373
699.856047649467831041180734326782453662354498
701.188939660421714564391338304086329528074938
702.521294506308527801146834361093931388831441
703.853113852958920979328178691358603344197501
705.184399356972836397825575085666461165613541
706.515152665792873478608293507650848553158257
707.845375417776895650389784849424744193149775
709.17506924226988869574007945631942020249323
710.504235759675080048445733008350618132017475
711.832876581524328385390006120578796850037756
713.160993310547792717172729332789964348933258
714.48858754074289004406170685794471806629052
715.815660857442550508617915762327333207753577
717.142214837382778843418572698563385647390172
718.468251048769530781669798434476874727739019
719.793771051344912970109537067432444421543081
721.118776396452714797407979145804459078042413
722.443268627103280427234341026706239859569504
723.767249278037729203233736938341840999581267
725.090719875791532473305218643118441785773548
726.413681938757454762751904986945103653830693
727.73613697724786711004739504020544703237509
729.058086493556440265091108980946930931483245
730.379531982019225337871405321693444510911807
731.700474929075129375382657084925573732186172
733.020916813325793236415090284657898639267128
734.340859105594879027419015989662512156189196
735.660303268986774258003788013161462172888343
736.979250758944719771732785357601976369176506
738.297703023308368406686056141442193667484963
739.615661502370781240749766179711076121616354
740.933127628934868178724746965320248741457
742.250102828369279542094372971998232400045568
743.566588518663755227624502258916380293266507
744.882586110483937907855704430623045423463369
746.198097007225656654961510468789403570600999
747.513122605068687279357587197979278953007932
748.827664293029995585827791719580218522773752
750.14172345301646966275680021994948029982299
751.455301459877147234298795754874302317864314
752.768399681454944020941455157354420440951751
754.081019478637888970918647406317119964432233
755.393162205409872143258820783146557160040933
756.704829208900910942904503028096952140126145
758.016021829436940329277657915270921901730831
759.326741400589132541872313618517205841585986
760.636989249222751809906862319108660511177912
761.946766695545549437741154263925946598071215
763.256075053155704583635858141296310100029596
764.564915629089315976481865836639205098836042
765.873289723867449743334553411954040305346507
767.18119863154274844993066923063910605676684
768.488643639745606386824120371469960456459497
769.795626029729916065330994546797032587480255
771.102147076418390820104211158603712661058803
772.408208048447468348845057344403117193798855
773.713810208211799954383730662843855414048064
775.01895481190833019010545113531113829553689
776.323643109579971546444659077525684221297786
777.627876345158878753899576582937211722502585
778.931655756509327216715624566953040733003335
780.234982575470200031031841069674094931490117
781.537858027897087981862861923821683822611745
782.84028333370400685478385128223274218417221
784.142259706904736340580976598726757949642319
785.443788355653784754409893639224937238255364
786.744870482286983735153831805999358177086297
788.045507283361717035676138382055669336644342
789.34569994969678746050473574065584648539485
790.645449666411925954153338909763839671782243
791.944757612966946790762224067519709541753124
793.243624963200552764015858638437744935279577
794.542052885368794225352096987285664663398952
795.840042542183185768304472122450907533484539
797.137595090848484307402191104903710832134724
798.434711683100132251378840253117712438794634
799.731393465241369422497843095240643342908134
801.027641578180017326577948601753565760368405
802.323457157464939331783255588739281902340728
803.618841333322180268417529186801350112394581
804.913795230690788916820091750164027144184419
806.208319969258326805988850560532983225965291
807.502416663496066701743752741398466479667874
808.796086422693884120080041536929047324402534
810.089330350994845158834243702534089634664862
811.382149547429493898886165625492072646627535
