14.1347251417346936559548702567772990814822302
15.3080803741087611062717787205832578814605203
23.2373380148617644295542991248281091527437266
26.9396602848071386713743153450087995290186802
32.6271112903477185364413470750622411365641591
33.3710993898555620432061501669629026919145732
36.9297227563851033818904109932100990857557645
39.6004582455913442494782274417389293678106268
41.588852794940774147842757046273786725914415
42.7728981221113811627539934654855539535432113
44.0333750160884775227737361784572881002592061
44.9968225456627971607801223105621658074916168
45.3929157924814394472232663860785736587572535
47.330131566343898189938064228460485291001068
60.5781773753100070849681600049525217978277643
61.8640447422453808730581739396974298802417381
66.0687521491246269469546321726682043877677206
66.8690247909145519985169078605091890958629434
69.3509656479517324380556077119386885495845886
69.4957046122938876743966891504721612009338717
72.126968230982377056787032179577502161421503
72.6557061558614197252824083186190651711829958
77.24738185507777399616995704136687935414314
77.3094924416998832343988969728635126236887437
82.7863974903969051237701009675253389654940789
84.8117450273446086303307730984819474410454831
85.6417016906037362940000129467086296239727854
88.4401644211172791445091407613737018004166328
89.8902711321744156418365048227267227318721168
97.1145615180149323952740511583257467146255192
97.8588468798950685680397200447534992371298479
100.96569267065908518749978971884764313520503
102.360675011841351579851119580094961268880099
109.607287347636222080040900808588032294144355
111.458411443985767754583579409748631154681983
115.186072533949319225017325305572250433341883
118.458725485320185234677044464447625060003591
120.169667280547845963021912972259467014703039
120.796175961566878025724482866494967935179391
123.972054338871917421610679023048003671112294
124.070110856838465508207906864646753795400594
126.672426501968362904106309040219088223845609
126.871386068981183875160366557771428526362741
129.759322956389070817532386774621835046406061
134.93367094415732542702665248834324557089917
137.552126336878635632203486616565853275942194
138.782107486582694297433874377407379216509685
139.426510663098686705414750060839701321378808
139.728691562508856423396774797297115402115903
149.671875454944385338567687018678091269789309
152.306799411271645609744101387637959920525991
152.950053917505439700660694402529356372466006
158.252193555358142581727616591912499515855887
159.793927669042128173825630908705698894151539
160.640030169775730411125407352678397407608425
162.479940705689888594116093396042435668577246
162.87062825259397841891896095855131691197201
167.965101109568793242702554298813816002385346
167.975495517565624954499145806372428151090226
167.975819623050677509776208506618422151830779
168.752837325498862693179581536963173187242925
168.90147710018722585368342042463659020825969
176.464412067588225274540026793791216205256761
176.908717950910859083677136166037511320351833
177.135773674792731769891173576596112552212504
178.907076761988439814466054397606599709829985
180.636588138937171543076535054067042207628683
180.794277286225117704086712628554944212366231
181.631405137035178022609722492817660164036565
185.069742763296530915496393834961508283324171
189.409825753814241875196563702722401180476373
194.179171865081263892938614034591313383223002
197.007909356901331598027742545363172610266099
197.171367198194558814896987443746266201216679
198.594128719902934217047079511517582366492472
200.612782475522923081475078986460954122811842
201.610124779510330149132747641357794935285311
202.212600296209043603987195403458329537847392
202.63080528385042333922271723657973672202645
203.167683974882209667415927975186565177359389
203.449319493510945686804372214131997134581625
209.436491439896535954463057248177627683678616
210.430173676205737222108802052197440632236944
210.489050751906133753219995930570107446072603
210.841336626533010852280741668870725055344779
211.87250395556745853229919947538710318487315
212.183864933483764724387898935080357545208401
216.613005716882612904655605242365094548340992
219.887583972586896158019041281590794430873844
223.447657422928896001151056734415134409196425
224.50391721463025906040824726140761770272187
224.853385230880578837845325808432424834844688
227.262017816724219596925532255620020484684293
230.017787634895735381002682812398181418714692
230.340663226597134220259950192229112444953012
235.068615892059065486490501668281164894919216
235.5963239596226265008720771213204102222074
237.116212260760999459000104185908481841529973
237.540875113866866154051495387923118619830201
238.390773342999083805363232213744283305622711
240.335815033834325235504115798827572317506581
240.977502690144856989642763350521672700349165
241.067983942247932824770947328825659425754395
241.42113899690657693994563473062747767421502
247.921328503580932126203956798991281755688626
249.640346625504558672810320773727641001340924
251.29039736821075750448792537146935906739721
252.475650885584371506268077904176030554297677
252.618159251380013836793852986749869232125139
259.480631400989650562431285638586504396486915
262.140163165857706746522951947933756876613971
263.908709032234744404017657886013644822214478
264.329512486202403678201372419368238213242923
265.24463724783777125110505354472719203815981
267.532494536233938581436651918342067856017626
268.216267167001083735673439123259963314107267
268.318317266652754789999742610844257011011587
272.046668022900792768291495540271579348839209
274.252400983964100464081590018072455188956577
275.600633900788967526705762653724180020217031
275.944398487360301540139920065679514266676682
277.01256665611144253337764795014878108115053
277.096354514795347316742542742155468902016084
285.737271913729823079999894121855277763459721
285.756930671044391094781942833172487026635742
286.924617137904739912466808271779016307598691
287.075445605074268143777221688199417635711299
287.636413001879074688022299918308389398139496
288.387315981852851505197393007191738373778152
289.908814362111022197748959753701370246396537
292.550608162072498751446890643224905873270535
292.768579177606642065709632641930601994551589
293.802264947971365759552560427453829384995469
297.481924324217517409732739517198662612726133
298.235628679610884505809100340459148500219851
299.311750255201509008612107709201387337143745
302.01982871854763959277145766004629828897776
302.519343834336408026529980653345626065023992
303.109007578201217728102680326548536683494085
304.974039479087495244615230027097445747388985
305.048262218468619759902163363709368651493828
308.419346729009398185491406861035129073609484
310.307190685480959953144960034514764177508299
311.66901502758648899548287288476890344257672
314.011529137696122849175502855109399294398623
318.713410893432449794129598745072623953425164
323.932630556348409419335466017517371898149263
324.42953617644258495825896305693479945122542
324.531511670407633541534690840796444449553165
325.325182161580180941809888187328636685060079
325.407844304498848590694771389742290082566194
326.388853012132996168729974402771325629801676
326.719737780927218226014070389610105566198843
327.449870193041108966938511605518654515015651
330.535512305571149371199418536002972676361447
332.328714430582733517304859475607342537021592
332.868179050208306781813817402835918716128458
334.770777467894547704082692802629007075075196
335.181675361930846431038278522441875837395182
335.937690917055659614995794568422411918544317
337.435690698967937777404785478644500727095275
338.070647164743673968999224333246079478156981
338.33575204597874169479487193573105955463674
338.628375371791711985750158197287570023268216
341.711060749236500392542533651140954922125819
342.368759063008556657120332517450527611375139
343.042283025434148789036993761214917826256716
343.087434369639387243924680936137653873625521
345.320697046169735764895761238074787485280061
346.4704451255079884105414610048881056112085
346.690058342322029914330428024101923509815658
347.36924940944816603878416287042878661657166
347.375414527665648514683849337966846681628576
349.729948271730605634899137928136333361423232
351.1624159766496912462858864154371574200491
352.149489984172503458547122421247853596938307
352.500430546850127752501661279942967612786191
354.934120474112821241781658029099699856575015
355.369453923054356609461459878320656462638717
358.400161181883506980367876828278699773387607
359.216112316381833644389471489509007026555966
361.562655530198057859477426933218224785886322
365.540527213486957051122966300205621517463373
369.91648901529618471037627378908100341685078
370.52619248649107931080114104316303724086882
370.545994248193729748167504600236339233753766
371.18650376392051337863879661787549958316582
371.785050309060895255142693365107087231112861
373.572486728599771033344266692174785674046701
373.749021413320618285534528200113779780135031
378.48013937110922853804883485127126451322703
379.303290466634287562712891371209573974712169
381.855739515123791062352284629895855659157409
383.649462216807718796408401486831345670195145
384.059250940187780628258204125454579905582738
385.636819259064893016107416945353121296442494
386.062496567273051380139971743097774457096164
386.978022754761271502495242467537278943809317
388.054221034352004218821823380762352786165672
388.614282091846949135044472799089733384568562
392.953340479151670833480257814956694474884953
393.303647385332734138599970563864812809580776
397.182227860599547986866305141385331073898241
397.782179325480021660448026076810654090188903
401.104266979703975556710379515961219626289336
403.012036888662971017665942777593928035834797
404.125028563252094931657795438313349928834271
405.795644236579214554635119008794992627743917
408.18444778474901133409126675261943889318375
410.525286860511438522821117508618752442248937
414.795719814565274314002427579810519223132578
416.334329840478630000392705983327701263579539
416.367046647026459120279238784921915064343043
418.010941427733885449790925345938671754730159
419.080697520021804305316353385135482253261998
419.771655839229449096584119912091261123026359
420.974288022210427630271307998542707650087264
421.355416372812815708298306403515095840190504
424.411543068818574465523006532508514394131439
426.805550411574976940563050126915425222768338
427.286957729193802006869413748038992781306609
428.253334141181917916919271241841039990994685
430.31162680543326467428040437563973528035303
432.911045286985072375020832021385955359875748
432.957495892041526685427993295760329217282301
433.733733467307316603705921531282111224775328
433.796654402407143380763053133329719347099527
434.580116129181402032023433315948028964953632
434.901857670699079003146370526013373637142487
435.231511078800078423565330088575789907834252
437.49568418238514084076400785810076886685678
438.002334210353524413604482648694017431807907
441.983381185068397200259120118690038483090997
442.294909806805968021190945468658467762990955
445.520474380269681923146718626234485620261456
446.054853520896231855151427556152151191775284
448.589071482135259885194599147400834904800689
450.417798584693750961467374472755664783167736
453.910841828536785299433002849505207053228348
454.345691785805614201114446427252281303569978
455.408706015663154356219877786529105903099385
461.189225294531678149236491946704048042637584
462.108130167719234193174101486879909129732608
462.160824230253479648430927073435077617734291
464.676352775051475116397691102961930797378695
469.161781471203787612632808869755376377351412
469.841131935008018915139134690209162640306663
470.71310823243353029980611537611321906069196
471.387881365655798123173897132033886571295604
472.130684853166093540312711630235273383691478
474.192693424229251494481706048437002413771699
474.541333526086023141428736676748676160261969
474.725896486926042893475264629107985796975825
480.319434957262336766258109238188635437760368
480.818385789378695391868255716859056125942862
481.362501683213518613991422934178128905472059
481.368446047041580463523815127940926749463229
481.790450191013943107287239477471626352412171
483.031957910831408995637969195812350795165319
487.077464725828357722928492664129992291574672
489.561580019175222886431647515867869271645657
489.731947489091365705436876602262640583821048
491.063845278773434260035718212658033644485675
493.898553697528722081737593782599089726090499
494.790551547729636344966265643146305254216615
496.00622337253118561572437898302509034740818
496.406392291941350097210821671658857480134901
502.316445458803605907585721545789649861931952
503.522938054693404521611831761040759387988337
503.947998256194226042241160498279615703389118
504.251671375595830275397966442402387798171309
504.833050190949658705983888141679771787707359
505.827049283609864378112354367934573557607755
508.049335763969294517944300850867346470758906
509.086958310810469419108304355074685353113915
512.131040718331815647534553270704866074914935
515.207713424940859617801093478610469546128014
515.224714629516152400249512092401895417697369
517.016090919790253494624227040979199167343803
518.412240613303545694294826850061805002247957
519.495677802046810899093831089592502919346737
520.302157054329320053215790228616172838113954
520.487425226440199668017773947962887578194456
520.866142335152250264017285169219748239699786
524.296383070449046045635588428715117142224781
524.473749211152877842759076478022796224174547
524.942047783523947325489154927462291260983534
529.347554282714581327395188263255954184375264
531.11490324687298097809586091686743517188583
535.38879645710697973878686933242987345840986
536.660252504705935783920453344776548617629149
537.615806574496311635279618423174136648757823
539.377386205104311469089819208896050544895378
540.185575176438691135849558549264851761109589
540.559078951452223322645481414043915697761224
543.591402133061487412950119764769330514280983
545.214968264413485802694975877068213280500307
547.719743860046801216925193200925598324256151
551.635569555650005078714797939508638781997555
555.876763032879945081817116949352445892592309
556.144198247312086201545163889584802858305216
557.915843093125285168302999026787387961055984
558.447412102378355170090732045046638796888672
560.64772483401308129076190193188748069434486
564.252377678999317310313622996567906147198003
568.932089215306693250454067944785951732201255
571.460509681773927228129243413742118422500076
572.838445532964944998375205825866889741195627
572.878329117954197743350016490671101415705501
579.27543635812897753785009578785883465050292
584.048888317375795847933144734551099390412557
584.197391188718609022921994244781002546578011
584.501408428679664871014181120457653510448572
585.007119917680633773159319324327119942439564
586.449172946922148482380961169659019114939412
590.019220441058976156307451370183068605353512
591.137012277924591246100687932869495094101989
591.157630834198507699264396574800708587856239
591.984404977260891726684547291790651005959923
593.149258596782047470692732873311525634743359
598.543957987550188444721696804034370549775582
606.594315924434354032125785817522700319371628
607.560634394231565183832292081405389630961639
608.805699039097887711440250095195730612104883
611.816013867770884639791883999921018061592919
612.256796918445110593072178661771057391651828
612.702761353451482086205062691968248370913364
613.268468784974194204898436211872458137282974
613.683182743579826823663712845316958087390172
614.66731999787606473871794302532918359854098
618.527962605521992296411834492770538243535525
620.435980695333182362516689825315066196207732
621.594888889622007061174818977708164535284201
622.350160937807045485738164723981317911994796
624.32450953047681397217498743557001462245528
627.261638261900730808918052187586513800305527
627.720034344771265534106195742935648701635947
628.252320108972256926885740508384993782749571
629.029250005836524394175855905833030149804974
631.137787355824014606698964444920358034361666
632.010224352864021849101762749127995159489158
633.335465426607317089889028684759583593088906
635.587110255521528149435661009073067409108247
636.596769585823563575409986784158071109910368
637.518206730267737402894188266001430392619559
638.381668310227236625738144953653885255429683
638.840042531743095934076461849740162796682892
639.917621645373880408383189230909416031081929
640.354341920755956983687943637639204544418945
640.880956248969538932664155986391730870598188
641.389407588466846118618844672955319459214132
641.827010477191968577432347913717117371781363
641.901000479013657696603039009465836033022549
642.09413594811764554993615111194202875257709
642.457626981250037320303981265508819548334451
646.738246334796976896646052908970474257678777
652.408354822142379794838284370119706390946985
652.644220174382191459694776483618257107554943
652.65662852900785924210061338815975836899743
654.229566726034571706930095273423676726561048
655.282631381278843294157790110356817134049727
655.773649538972389096106748981299248811490186
655.875119608952609556260146461298507680054975
660.879172599328708982287813368951021320845407
661.372786188842792352460179115963599001557175
665.808657720195061513369004659428832179588095
665.865631923108786820346207201410668677981547
668.592426640174317177638585169912850524747848
670.197494305822480388999833231305078512066085
670.685532432148193447507227225406548756209412
672.810401327433011773504272755764420515217436
673.41009031346416068926949780385126636779485
674.382627875659977847312420218983876514225711
674.4060182482334212382769018102683672495199
676.72130503600928937537121267364581102413797
677.534625108879164161518660491588231487077915
677.981675223405416231073944764310117408025795
678.570124558751631666908183400199169297482111
681.691404626897812361180242866772769853273983
682.191967379492517099852480520257751237341637
684.497941809568201092938665667945780348621145
684.800746151957671685020968870379872760581546
686.871049306704248704183076937370242415962361
687.249062984555621496474650156491564023187125
688.001657295314343987833490171873379686833521
688.57059279231087048949061915726978340181315
691.483669562514337006445644911689338650858024
692.481438098177831611847757160685506756186826
692.893727451865729545786524941464939948696631
694.296413645827158396915940830422169510112583
695.886407591500619517948735955594248299469369
697.034054327672730824410403934048464879498821
698.358755123949934250563470525641154214481636
699.555200057995325286127364059736492609105549
700.082935379914813035152640460893694871544139
700.253622917472954014800229885260185771124136
701.487901855855529818454588299577274935835118
703.857994981980071075324128059744024020893539
705.832863732168431962834660263560053578372201
706.890527967309400497979800625675881223009616
709.245536118992473799375811390715875081524935
709.996830305889955609868857960319616345441315
715.650597890020226302044319604803064720150216
715.673794349264129874672027250761768833959142
716.270454593922398852166044379268536011701421
717.622467528168936114101245772215117092210638
719.047823351358767721955221784253721493186029
719.375601297620972150840397244080956107700578
721.393370342812866580618963300217364345294956
722.005322381308997528638597481435653464617146
722.514081765783127211805630731257277575412009
723.233878747151546093323676875315798113128434
724.639420371908747794375331507305107936110413
725.718974463514882887728889225222573323400837
725.87456458366772848467493265422023031386548
728.082206728117067554745015304028162824231451
728.102677373816624811143941658859131289084451
728.71930304699443763405567173274151607115295
729.217550427262752810215801869864657051813536
732.586089931612404257729949163942187717959775
733.22245696917615535577466975622254923162411
733.696752071934151236066894883027136475860165
733.923458924124322274022168253536119521977381
735.09908767760325984759227163223126124984899
737.140876442205478578119230772559872214067847
738.21327364456607114593617237800557147459188
738.487494536117464994257160755210358696522893
739.193726844601389924544261018774367314344977
742.527094911262725780199874610938138530512012
743.755085076640482753537835112288412299866615
745.332365690359624025598058975544738528036195
745.736599137366102556824600562797857061005173
747.642267083517745705032148068012779337712782
750.478516816887472551732114028839477257941708
753.268114246279391017958851915651134716011647
755.279723183080315962358893414720399168254743
755.583499457107057968500295472571329924847597
756.308844802817190277079847939798132515028178
759.167225973116843379754863734301143574716043
763.635689528821152780890093204069767417678255
764.450815580123373862733544736390433981235329
764.995492821639916405997250860068700111625947
766.416529195389925094323528183151744885936376
766.467915293413731198337152324662508285662632
767.501091464354356007601075200731199993298987
770.586196415644672151484626740667052104690455
771.156013121142145149007550644709452050594015
771.255545349774383611417178026692916369889872
773.376386295746979432493613932162686531425798
773.838218499925886899792020699707394344873292
773.950714327616032088595031569801192500505798
775.442761508377136379357959597709616858233898
776.771271838985142862223077555909162925169035
777.336714292287903994569149211855154524697301
780.454707502620180484269310977099831564532877
784.402818846556980870678365652044690012550961
784.864695987771618390962287768713148525647488
785.667613843208844608446050775387944751480872
786.842354481894847582802235567898660523175528
789.662583582777777977868097476387307813507613
789.827101581028512693278174559349564049758616
791.812103698561325917280877544697165343031594
792.130906106717371941328486666685732370263236
792.450753733429914779152003733751542295105065
792.814566519453626181698709774288096936076204
793.090275857521996816103063692070741724910765
793.506633195854220559563461455526345808223216
794.946784918921735064899787117884551998492302
796.653251099276824622350467769063108720435583
797.586720029077535785832731977214357874722644
799.209049684090822794069650502808204043814299
800.101273598823954201661121050247238290066479
804.072733142325570468172666145793093969976121
806.034749192695033471673002581315205282890275
806.874480082299411773746770965516512155054866
807.504949492574586539826953030333138534966231
812.000120733355175447120117379405934875015091
813.118012618726741489385649937260685107656889
813.729501480419256422522948570591825504926077
815.584810283411320154795020299248275645511642
816.179599396798745407363410332183523476459809
819.660279384955069759568540500927189981104731
821.657861482418923970698069994094967253290063
824.231538737278706677162416909134438994405737
826.280267485616813310223638764587170607488954
827.583717004201092296079160408785185844690554
828.2618189200668817029943092171215892201318
829.641065545106191811984842535540363664882792
832.840781504328141832102164044223121459926546
833.902431731526060517157910785265948341717441
835.760432695841411675561074472644452207761188
838.613828410005653925136106368935507454775496
838.862205472519024737480894162263166083393503
840.630327232173205895721610228490172508493256
842.805735966422297732803165433590002278396923
844.053298468293391435219154406967377941495659
845.424715343953632785052046407926994221035703
845.985977899946041786305261057943137342565043
846.697105947501606149514116334514290531720598
847.497885532967186093572554507553450584337742
