14.1347251417346936559548702567772990814822302
20.4507046524328216737533813275213340249490422
23.8096513434457882807541442845231227691669862
25.0756946428220779297201925126992117675518194
32.4555415374245100317426881499027594731781607
35.3448618786878368158240028017829532425307222
40.1381264966591832878120232738182954039725547
45.2389220168213016920978626858119111005422318
48.595353293892712014492616076353848489309073
49.8596610300477131875301055272611908471057416
53.5222901706786663066797302184751609305080732
56.4577350183436875382957681664017897517679884
57.0220235573859469764060322271429349448959532
59.6850246116718056672033642350311801748504228
63.8057299805399458351706235701528437162930421
64.6085014818543858101724093998534426002696932
70.8475298401395200503526579539203486765440072
74.4331537102685009881682245907979474394946092
76.5323157189720326249477819023620732841308306
77.4926522257851720595621168617579523798310277
81.034012790981053740729730816075778609128736
82.1228346591946399593221370960079365399723767
85.2833832560672825251467904108824863242663349
88.3484853401816894762517659453427187949906836
90.7208035424548576886414750726287987645015396
92.4667447299066997409864742761246015415123851
93.3157335132045400912362554156856780165254916
94.4870265871199325190158144716342328992560963
98.9479254492485423644048446944754398071460962
102.233410850456184020912439238624059803086983
102.873870136256465496723502185359960097806817
107.031874265643532090537505069604493200028446
109.042217281815642635427456716094145500681248
112.375982883040645690347763285918956935517744
113.395313118178315442002176333386801874300519
116.962836221393375383930095837941286896429683
117.884570231614977302748319467961239857379691
120.501961641728229441815839347341589739939322
121.350732312647089498321497426397096955994901
123.33410326862886475513409116773596037355132
125.76823704526495535182387249294421123941762
128.353654974123020797677446509550710199952748
129.021472704219171283884212417388024883044287
132.132360406194391952328391774975935721813398
133.40956549330372591399821973955541778813039
135.100420679261810095363618166024657239941453
136.68008319247607790255900207802173841185108
139.022542964944087855230299805099998374720643
141.536066780600019796009482763964633415465278
144.607222113814615368405670339410160485338511
145.188219294418610104399220439397435602144419
148.479984343066488610255085238992922985934988
149.322415823452447342612152691825384682815092
151.230789581363818056853801035668951860694056
153.276981833970674664553541558319839947378863
154.319796397566642699809883327215513667358304
157.383885059378174657184084785760859446093466
159.727726804972179997779037482749619627270756
162.358485225713445973157887139271287616396915
162.88720563885449773039214246113929382912084
163.895928441026519199192008214628172726375881
166.914642669547404400183025865987051724557949
168.616788733182078960292237528316413616545024
170.414210301544892174120482784156797636317757
172.821916461931046612568987549662046180783044
174.469308121114342019742090377165999459629991
176.263363971633006350475803639917947948724952
177.521437412619643688150595468438972013383981
178.467846954795248383236497275352194524206533
180.112890540459626843633166974150721186920375
183.619392910222504870472765659226500708808797
186.314893190198902867953475425584863300101524
188.225662303663791498845275225260685957701603
189.91543560404618907881990302746147404533564
191.900984342449705461175632833159607781046589
193.342575974491649914324063932239019750869186
195.487799455955864930618633675682917293660399
196.595356806771796926264958475788987785021782
197.566904523260308199022318019816700109023431
199.556007452100968337816897022843249498695391
200.54708661249541815734352879247880786437195
202.560397586233890535856169284968653978331551
203.458263208826533101219570836404509016491066
205.835914863842935772800381849062442203724606
208.810991154939526130558910476118226938259926
209.293584069077796087527153459786187105081115
211.655122279212386731638460240353281142762985
213.45269566405965733709575503140859546470123
215.53415064308129081416239402310951954635472
216.039677095201199329888792327221979227186836
217.802036120246307820460811055606708061561568
222.148516420729671999957642462696958808565572
223.183034474856410567878440129851425699843207
225.722733154153889568471463434470730776348031
226.886698304074505412062034542818506191006506
229.006690928103934711280679182054223779471898
230.674837016560128424727616538061233116492239
232.347488313295539822328210715249763526280572
233.830071983008684029110473642410838960680356
235.62400866500800521080971287639626399880844
236.696599408431458801584592854334647940514195
238.382288393005757878167990375879086372530812
239.379661556536863476873571640313914233848339
240.842018693766781270411624179557947664896084
244.03979413167302196766176536723010763397941
245.444800907365941998912201128921724013774455
246.4473350844541841364848090246122252588648
248.626136696748610880469893259612925295690254
249.686244614992666532981553041777291404807734
251.703828362464667342461630781574270701303627
253.132865049433849357042253262324855795702216
255.704655269936057768550285409457429664963667
257.539664274764761899743138359444646588005706
259.505078116873231582943059839714068227273763
261.366052674358805141924740130318147925842987
262.907360755331758410010876533717718551159359
265.501458293099012091032762680463254803522342
267.071510850406602209925187922135054441561137
267.85611510114444828967367855463579084865485
269.076712309414538363475582109847655397740014
271.183543989293070210395831777493230761423106
272.910893936023450539313778109476569126636772
273.45941388712283131673345225158124704081498
274.397540901957542145888570812415826122957447
277.389265724251930699926645382637326907526932
278.813437273921348221401328279443985491573255
280.168685461480618607802869170827111540184209
282.387780621728691563417195494003474838070407
283.845668397256092113780812041542092373314432
286.11325734023678269788698589478072324346274
286.859630532747784093952885771033551402970224
288.387785948440869504118153511129136502196599
289.800320699819084031808584430647960119934402
292.806183326319867047634880505354308928042822
294.360412824812718867411743722582859258600181
295.512945748841075514814080898197935434754332
297.015575766872369429338438258800048038071194
298.198798423386760757318008129171144006935486
300.245102349198371780722531745994095649639929
301.941494331672388057585567038551133962268653
302.879771774799886816329920195389584335147113
304.702634278768314677283019568028742210348094
306.050348166005321251923062467768936553536317
307.426493596956727387403621086650557112088919
308.929078392091881580783188762932418029620688
310.621787628112099973542468871064655072115089
314.275181501306305953853905837696753282470761
314.435197531382370141775523019466257964644711
316.502088478028977379711059195766827848617878
316.854006729887602056860868108474728961764252
319.324818844925634930278295011254631384779732
319.70026070325328462250338551277137657742749
322.658039242515037216181764775976658590930577
323.498921990220287409017729013651047586203318
325.504868921592762915857708672382501400298543
326.918490520152564260850475578988184357400086
328.973161112316839072420971580657430480130505
330.781842499591850663631263721884988376588955
332.56628687194547611490842017059715387869319
334.02661997660647298709612425906924156943858
335.381112688916643022261633092265936802213002
336.294990468042540533881882848970557850943996
337.963910704624011503693666230289345397239833
341.771818226925026533823387957972950434560831
343.859556636903301835984697226518525351600536
346.157177210524198129480521270034305665048847
347.477864625534771830198778718147896781510255
347.938840193313933343968535940791789818500298
348.988425611798051287093304656449063146046214
352.033809756483433495317190980587792082066547
353.55737477172729838880352300864789255853636
354.145090151445089755528300409353832162325953
356.142812731492982845806170516398718372561191
357.189946957765965360718448275120822546576721
358.806373365515932002528948102620399322866051
359.703832809447655108342591823112026915922514
361.133478578807085537637165214144642538328807
363.409291330630745468599421593726015270614084
364.832661309530967748749019297800819320734532
367.03062619142099318942290489834732168854198
367.604646991699948525233464372537006340318666
369.445513842365067028564743673315109127518204
370.542798665486751539509226419754250788718506
372.626345665628580401789535759862258398812106
373.52312297855514300105360303788668077175608
375.597947999095067685204423190952439872249041
376.364324904880503230878049563826927560830458
377.77582030096501057786708917099679807199495
379.094974788094595866756713761451545945021149
381.296292208262320646956087012709240679129701
382.649188019031785998972886730730004835319675
384.046369039084463910779460150326734687977149
386.159898493277067602588521712777702152208468
388.069050417698666375809454740708423703566597
388.389925261805263220976937335208244531904838
390.811528565255208517271716860934369717097782
392.991628425702567222144026436612611911719563
394.451155364531741680158610688260674285837686
396.568308745638929062521998926430243244222799
398.794612048428344198404928503378310698255615
400.036182297544429554318312497350935299057876
402.257309923028324946885309535765874191340027
403.860969310732876646832047851579353905081537
405.022695460586581805504996491276528404921961
405.74996982040807567830453527880018536605581
407.525200916222642882320042528215320825743247
408.35797839002889492257514771714057387334716
410.46085373760291494626946250269984894339794
412.758529909742057411100542982801654476924082
414.094641293273508976628243086942282401843076
414.688874624535118312792621839986443915012082
416.075603365169424330400642411317222976327709
417.470522580888559432639944555752668578323234
419.327547004271690187043488354445781348462163
421.171576666851923338015638874046346128236246
422.390111518662499971250025429909538900558
423.34839413845986546501797191569109880995854
425.168638818357591791646845659390440373196519
426.843482285684074283783238406252897178794428
427.377439548079488269594860778074133602148951
428.893047617474183312584771488874148380614404
430.391271689783258812195730480369504594547941
431.445069319828452722610032208094932595951054
432.515846766341276626007850114768834098844695
434.019008344117441873575509768314844472461563
436.423376828720408230330982803774151433153522
437.968250282417916603178649181902127256376044
439.190740687915987526607901202038719432134516
439.691174701958750930798046254182028584016414
440.908005812055440077499375583601971997011433
443.270203192948092866759915786907062828837309
444.557828256996747602988702586462353025203858
446.066403576608298653294288435696777061068468
447.461070204323508969995925576173618838653915
449.733676788582101367237043347644593498625659
451.886821668620086486692184123855349556685615
452.466293230300503502465477820802505881715023
453.730015857292898326957291270272245701671389
455.140236388492544847675736298920177900953162
457.079787553803412710375665789563350178161974
458.847285167621555992868685934457829531209149
460.199350158799182737035173579536152271460543
461.100803004016745877428018433657759168889057
462.576813519096237524316304135511833657067284
464.664268236375217119432566426482094629527471
465.687334499061159370182455534764549732379124
466.194624254134540575947875350666283988591435
469.165150018537923557257374808510628973431431
469.830756330146450452647351790535860249509626
470.997685160074205279629520155953781050753576
471.48040812523379738410386816460593202168395
474.120107156099193337747426307680032988470814
475.434371615018045972413498194635263671947037
476.581167489645922094222096914427474712793866
478.88135973272290310637516844875144524919114
480.001686315980986544443325823033494607156444
481.704097991740646721390749450575352838983987
482.871151008700337544416161984516584473948249
483.776906178891051125437280687462162880030356
485.247487307521731707074083731212108679136448
487.992876037736821451016951772477556033464416
488.589445295672768631565965852595487825993903
489.773489052926397927207568932330706512020704
492.224462546427943325916107733117376751582047
492.666282256014626502208720940045302743374843
494.564276771707478690927171421229864028630618
495.44582347849086293994087888736584172814694
497.797342726912913486147541358053821419365488
498.22458976721353195376299081622485504092591
500.225117180541040600916729403067298936655162
501.714881076804998110364887898322858120101102
503.142826850193205274358175238918243105737446
504.339450713467483210667349165089597093404132
506.05533633708187748027273520868904966139026
508.726275957941442306831699315295735311456958
509.410882148197948044594756850290560453277989
510.41255055890117147555535592635736038430766
511.971746882847530534078564605642485005520579
513.460000181610926929016630411691076932657592
515.732982094807006895433155953873562955115447
516.210778137460082686535883782353354599560654
517.713881017331431962358975361747302160731041
518.032631979085798277232379600024249049522823
520.545673407170867532019816784431055404844208
521.36734551603176496990914117386990751658963
523.144904642468562685729935590217671027821419
524.400288378668421587502253502629693006770309
526.094070302822331785359509302871627912566548
527.645297008764175388002418848517162329205616
528.265940009681340190700520060141135038567874
529.831099618011750551036116924227764709019639
531.468068257933561928001608124505975712726457
532.540239605882276777398129645826966771950768
533.814677749539182178944197370576323630525905
535.092902572258420651109513583265343941715797
536.132346862268687682566264987305499575551314
538.187772157083756186463056009443810494259382
539.635695356175845842669021460022275964154489
540.553221993136691461078594700561999273615907
543.008241348560266643328356419107496773081243
543.384646954887208185336146607041399007337265
544.973989931000305804703059476626259231432523
545.997535394493158078749662927583842250471745
547.879281151455512072669857259623896843242433
549.551784157064635545692552227617507729858021
550.994705416769355114527709808185332640159983
552.107358021147693320603141175119575466034862
553.301454844581713093441071602006942257269138
554.436599161758414369847546068680555678398884
555.883294752965578427633700319841339189590263
557.078011295674927425661958108282989869091373
557.671815218999692602073540280776325854075704
560.158600593028022535458610410289108597522682
561.594732406472530771529829210169679713488614
563.936009694808776228025221558615726133833249
564.380757283959182796121966034381209559010773
565.28999730562554807303614912131955620289659
566.769720447072625572529479037593921939566965
567.548095214901430361769114435855886703408808
569.074689996828141374600557569463721525468304
571.072260372350238232288766484532550718910358
572.709699838000277760628453902497804615393518
573.808599336681194362925259428186477262059648
575.272412996368244504940190721135668038148425
576.042761904766622093978032210280129805191119
578.690844514699612975727039441943244129074595
580.275961153446424444200361511679713033415134
581.982298116936096129895377232547558895654352
582.617453154334069231665459174681754000569991
584.301845011831818394219331965921406541650781
585.132846523048416278251237391705662436561256
586.222994435018541787289175900436418435943234
587.978392040667641823668625174438897540332317
588.66629575682047719088820051654743563917986
589.903164331519722591555303350606105374084399
591.193373072123461157115369790060006086012189
592.629484392467095329562317362954672636965795
594.359822418340828300716732371000167738259809
595.896202278198630888145324904535284633819565
598.25061030276268369449422237197169187127751
598.794098432366036453511462580433206032401739
600.446213503243019666375796621802854906354312
601.429430034656290852179994738743959021756886
603.0362474704521804956275854333404069855834
603.548831180919321284314073512799192686314747
604.98873176479750733810365916660609361179586
606.300097839400414197613371899114633983987888
607.473217862648541450099560423081603005318903
609.736171751293632623065080053656894087460234
610.735600446824791360612170883133840132653699
611.061955314504366478386918368534921839479127
612.775508940487291814652249296136627155732673
614.300704698653896350593954911506473923104501
616.527668406233080595371643587247047370780023
617.556979378292259124186116533379131599895937
619.074892386204149515192496431399900891121682
621.248426982076067683496922130452964991923611
621.758849153542105482791976012292387650355866
624.054916206791296814289909134529491936278306
624.830102237112412148824195433422949313922146
626.178114104296162926571455223771560904656472
626.660939266029852961059046251003516767352256
628.109831463507718884683116987172592515769699
628.995967955429079569891034445226072438703765
631.205904756633145609158274249780787868486672
632.436580516250587125728431276488371730332285
633.592486614657396701277732947505001067555204
635.365855638725419387812274917278008232140457
636.90890605380031609052985169406010808875217
637.70530631087523482689478395278090535221785
639.200570747254864442618781731564189002130672
640.662343072903924181180956919401938237819611
641.818307909075467243306714460424368563982902
642.423341207193783647076182147697073451257164
644.2201644193644196020808740192508521114877
644.855455725506103769679185686212798952509728
646.290624685369279279124402293532367277000048
647.706008397277024894130922719288988024468445
649.818463095611901151719414405893237869680996
651.489915763883508627593988447304376163268152
652.468539363836643125539938166832781986991455
653.452369913290724483955456430630755280008619
655.816761091894283485548601247551296053573531
657.473513927330229596147129104650298548489619
658.644193752458648690581369040270491280194937
660.024937115091936196505114062143077757885098
662.216499469956063555533516597556437325056207
662.9310272605123496858471038567129383017393
664.646442501712720764435356155705746275460097
666.106548706102065156755497946609322240822441
666.776820568336408768052665619228075003329662
668.240337262283358170129286559075009823851375
669.091411958780977186016468031981294055962189
670.909849633752073132643392643264259508360923
672.670658919407432387575407626507393445707228
673.49305962014913250797321574038626882066087
674.906945063218336129688144785599798645763743
675.513766964502010956345013296400595917982406
677.428868903707013341829830565198731501924342
678.187946719600614043135330145934071398959798
679.463419646271271214326130106820114586809215
680.844559702780078274826464090280720857557024
682.083355506180182813843345960573954152042006
683.770255490131543010879338604772386320532701
685.121772392857911770681161911108506444055698
686.366324934568843118464289761262087146494114
687.944779327430851988648744278581612307792325
690.171477132694606054426946661829040825863448
690.458908572563027235187574027284993846975605
692.260281906445033258881717683900114150498281
692.868429418231355016644515737444391170585061
695.692155479487770699283102284753888925620734
696.7314929475275608627821309523378044171293
697.482794377350230804056787197238446163723612
700.350754215159175125284188309826487806420761
701.191491260931997940374289657282495371452324
701.832133969752654732466724804274260761554315
703.642138577932534485824429992475408805799055
704.82575181214396291739761930420922975886016
705.624977254782652228084628740632810248863583
706.941998669338689163853213904909468241528605
708.169979006418618702793438717050176463830374
709.825842964110901321919306030102408137112
710.436747507163584081559348387296324764058581
711.898049151270059511966453248120104293105731
713.256982200552872226226534361411855557861577
714.620916225250457167177449841352837381415127
716.459768644963151118163672085852672112903453
717.48189105552196444910216900793761751151782
719.270836949777563412004123080718721415905837
720.304121105293556656416408658607123293877183
722.061561641641477956344572392031276275329856
724.094545309411206305219337664026001523372888
724.838834892072297653762630014162600837382042
726.72556265523506531068505948332141573029908
728.030306986356448859708180557395558158280956
728.274095671447861017350286948816888075694704
728.791629013006573320634684783056987205617121
730.628444520933583725025014783351467815742501
731.082810719448767093056792523493855489584135
733.377791503396722359572710721425494099785987
734.584764634193993476035523744501130981520483
736.414589463865636087597135160523232811328811
737.230252511862578103799857273197657735834124
738.61190677811898936758377920855363291980832
740.285456583768901594072871742287837029207228
742.498459329927681566710595971367222898816442
743.636178714814628456963616247405346039196607
745.390134486529378146795583907758540563033956
746.254664409579482162256691230932800217596786
747.765357492641226246369073531337478549273735
748.822902481582722456560508782495871425078873
749.596275681854056304738966374800661597409307
750.785773066009677583209493447300395458506798
751.780106802190828727419667907612096474044407
752.973294936663530416013741192727731550507468
754.297311488288220000105760984382106766398865
755.448055437117208248989972796579501671559001
757.469883898374091088084527655696924169947559
758.596457134800253917220706852803348196317775
759.472150442075170020218084785224628458887481
760.115794908791515280398507514462034161474328
761.890761785838668807881951950697310878347084
763.263477426067623624147936866355268872279954
765.120961303874008753353171951248973158782795
765.696823991700853483206817113916226456107117
767.137169278429387170062757965835644199685215
767.431642559187156114640768767535792164204378
769.672831432769467910024162550544170407057066
771.371359068866967271746673308990261736991193
771.50063293133537381385236607720748002231516
774.445017025338221232308409017038364771192699
775.022631070188170939622953715257262905966707
775.832732828801701929089554665785815550228589
776.881695852283110843889483510823044238443552
777.884664193999518934603377252768669367085084
780.559229730241943106901107878215950976481746
781.168647346231066162802812203423038295846713
782.835952233839440179069243262705453808042709
784.827225939366742241691034441172000399014858
787.014779264792320900245400350381552031173135
787.701227154228789634606882894678688755767124
788.631532344095851396300352743839302049023784
790.12665952652151272838831485974428594135448
790.941246685208975431747503819493196334952383
791.669283242399187655588126399871960041499553
793.812684187046541945198651309256167184721572
795.337610227230606840116819551940691890286164
795.790330219985634296936167792711123293376392
797.906648841280344197421506868404044945904969
800.020301968575012769441920068666797567800674
800.591143624753202413052910736442915642803427
801.754451124107969421636381808565011047636905
803.21055713341376962419085282446777367796096
804.491800285235171105858598217807869198058279
805.927507152756959052872385120341969893389143
807.147956828544288436028408193430702737141944
808.398602739314097306572830565395229564788494
810.083820207130560084042701684072893665279871
811.382149547429493898886165625492072646627535
