14.134725141734693790457251983562470270784257115699243175685567460149963429809256764949010393171561012779202971548797436766
21.022039638771554992628479593896902777334340524902781754629520403587598586068890799713658514180151419533725473642475891384
25.010857580145688763213790992562821818659549672557996672496542006745092098441644277840238224558062440750471046149055778378
30.424876125859513210311897530584091320181560023715440180962146036993329389333277920290584293902089110630991711527395499118
32.935061587739189690662368964074903488812715603517039009280003440784815608630551005938848496135348724549602525280597581514
37.586178158825671257217763480705332821405597350830793218333001113622149089618537264730329104945823803474577747746192235380
40.918719012147495187398126914633254395726165962777279536161303667253280528720071282996003719889546875503665519676945467945
43.327073280914999519496122165406805782645668371836871446878893685521088322305053626456349371063190933554867608492626802447
48.005150881167159727942472749427516041686844001144425117775312519814090216416308281330335372305400997715502977702602021627
49.773832477672302181916784678563724057723178299676662100781955750433511611515739278732707507400931330070781628021561131224
52.970321477714460644147296608880990063825017888821224779900748140317564950304188054137587827094399298803638844775355020280
56.446247697063394804367759476706127552782264471716631845450969843958475280274505666903011314274852387478971878833682458280
59.347044002602353079653648674992219031098772806466669698122451754746800152699629811838102487074633548438521958547439243543
60.831778524609809844259901824524003802910090451219178257101348824808493667294920538430841670394343356569864470335886897450
65.112544048081606660875054253183705029348149295166722405966501086675343232668685384416774784438659471425896927751662036728
67.079810529494173714478828896522216770107144951745558874196669551694901218956196983530293975085833034305554701005134859631
69.546401711173979252926857526554738443012474209602510157324539999663387672274910419533344933178340356353748061584786789166
72.067157674481907582522107969826168390480906621456697086683306151488407372399608348363525330412174532989157366583118830836
75.704690699083933168326916762030345922811903530697400301647775301574197027706323608384037021834652798049944023687571004941
77.144840068874805372682664856304637015796032449234461041765231453151139164253715089408288694699737759759056874412689862739
79.337375020249367922763592877116228190613246743120030878438720497101541932677090974677451994612124109014771023779750384923
82.910380854086030183164837494770609497508880593782149146571306283235929086356619075512563192334896818755254481761860100461
84.735492980517050105735311206827741417106627934240818702735529689045271728930280598792282030639950912478478554075088661989
87.425274613125229406531667850919213252171886401269028186455557938439691049524830750266257480795439517194288816351437489314
88.809111207634465423682348079509378395444893409818675042199871618814013559182198439520793279503933064153393514217920973699
92.491899270558484296259725241810684878721794027730646175096750489181028026058770889337863757668588640283024661016843427422
94.651344040519886966597925815208153937728027015654852019592474274513482105324558440764774015299601081356793963325625513552
95.870634228245309758741029219246781695256461224987998420529281651651106625360817921895426115572356404848078227696107038437
98.831194218193692233324420138622327820658039063428196102819321727565547639765553187514528323281623209783398423387279352086
101.31785100573139122878544794029230890633286638430089479992831871523014308272931235550890494520597185660627954762468836381
103.72553804047833941639840810869528083448117306949576451988516579403652210830164880543814549849201689460089110699662922679
105.44662305232609449367083241411180899728275392853513848056944711418149444757596283977355493196281451548073522351148968517
107.16861118427640751512335196308619121347670788140476527926471042155240382097809713461077404060904109925608275149979397134
111.02953554316967452465645030994435041534596839007305684619079476550554454175989221401886129177181014708906369597111240552
111.87465917699263708561207871677059496031174987338587381661941961969077836440550296762894060634744829021971896458307528781
114.32022091545271276589093727619107980991765772382989228772843104130628757585284322976204949831708992951020539301638758314
116.22668032085755438216080431206475512732985123238322028386264231147470097947562206017603733624390027523463469395685459536
118.79078286597621732297913970269982434730621059280938278419371651419909632211177349955749911593215182625652629305616199483
121.37012500242064591894553297049992272300131063172874230257513263573463204165139220905939384433014279218196569590681076630
122.94682929355258820081746033077001649621438987386351721195003491528850877588261964305531184110741044275819391116321568596
124.25681855434576718473200796612992444157353877469356114035507691395906209728936178009090182253373913262830799853113478098
127.51668387959649512427932376690607626808830988155498248279977930068239612852598832920878360012462376147619135078475542859
129.57870419995605098576803390617997360864095326465943103047083999886089910511656558151491773392658145056014450760906720054
131.08768853093265672356637246150134905920354750297504538313992440777476524562001528156549134141247018653382540600310236142
133.49773720299758645013049204264060766497417494390467501510225885516301360078474264135928795031508954812973993946634992296
134.75650975337387133132606415716973617839606861364716441697609317354841005683171043236880490592603275067781834239468122397
138.11604205453344320019155519028244785983527462414623568534482856865016723043040891711094527218774535934777667427839457295
139.73620895212138895045004652338246084679005256538260308137013541090386809148527196609290365678559641877599548848303035143
141.12370740402112376194035381847535509030066087974762003210466509596609475871813327814934185093804684178932840163627286416
143.11184580762063273940512386891392996623310243035463254859852295728069314413334922754442740251369840493347095905849562753
146.00098248676551854740250759642468242897574123309580363697688496658576093959476765112274015681577929498882332842300946515
147.42276534255960204952118501043150616877277525047683060101046081273818374432638175722054135668014426476857430314734046763
150.05352042078488035143246723695937062303732155952820044842911127506258214849741871213228260549614908686949310235735035326
150.92525761224146676185252467830562760242677047299671770031135495336323209786361481438887358731339135110594127957385506361
153.02469381119889619825654425518544650859043490414550667519976756379462099378149040195474913153692490843379377964692490804
156.11290929423786756975018931016919474653530850094292080385607815839431485039405876085737119810609014593176663883070338458
157.59759181759405988753050315849876573072389951914173353824961760978555942757878275491158759496052444124492990456753706876
158.84998817142049872417499477554027141433508304942696625772418341154552951370883743439941376823187279579448471593798633650
161.18896413759602751943734412936955436491579032747546657918809379411885842105026084484894251940656223151219092222338268638
163.03070968718198724331103900068799489696446141647768311520959169590179547839534039487383980334043128523878521345940207376
165.53706918790041883003891935487479732836725174506860447895315460558040614375756551876091873556320051482819143928115802450
167.18443997817451344095775624621037873646076924261676736110699343540896963318081304353446666214926766241727982361073472963
169.09451541556882148950587118143183479666764858044162508738214912188233449696485534214585027839799804187599464701850081094
169.91197647941169896669984359582179228839443712534137301854144160780084147837271052878623930045763843496850987896615844449
173.41153651959155295984611864934559525415606606342011793368228539153109409537852884909056229220860281571023942629298589541
174.75419152336572581337876245586691793875571762057166344561154743789971520822743801723628155127321377909742380239578206941
176.44143429771041888889264105786093352811849710880971534761261578625685719391352249740775951110964236366378453764407101468
178.37740777609997728583093541418442618313236146127250370148904080374884656464058792707067116817977395287124448381696268727
179.91648402025699613934003661205123745368760755301840654130067065381739073626791599615406974309839645893041582076914641366
182.20707848436646191540703722698779869079745777823990876663006454018784432308732532145919784311775798694424452125727930941
184.87446784838750880096064661723425841335102291195066777317864468070135343690018300487101751053701102155009311582343441685
185.59878367770747146652770426839264661293471764951328308891979623038512714732055425958939404162727217898769107202000581088
187.22892258350185199164154058613124301681073460399031915146420316373384879454511588281344605213863501172764693888971712053
189.41615865601693708485228909984532449135710302319335435541994217710601735975365922138408667620254538443235200086975797040
192.02665636071378654728363142558343010583992029797709691628912343221021167651437303403115929225011288441232950537166816334
193.07972660384570404740220579437605460402061581054886013850435583088441369868964227811612548526396565096129619227777656711
195.26539667952923532146318781486225092690505245228692406011097663218439322458417715267710721285980384105799864504764648859
196.87648184095831694862226391469620773574602869194221548282317318163197138792565983044665744728217880734999815181985839045
198.01530967625191242491991870220886715506269543857099672153480159423928438573628954482240102520757921169268781256249065122
201.26475194370378873301613342754817322240286363918673408063271979951963490248134536034297938757175613788167463169159646064
202.49359451414053427768666063786431582102024489942005390906915428511632975877391888565242039809806149807764840219388818872
204.18967180310455433071643838631368513653452922874190735095968021739916342917402996259207668326854096002159650854424841276
205.39469720216328602521237939069309092372291477204840700213409541714636556150967161624800620933247014942002346676832255314
207.90625888780620986150196790775364426865940376888399985865752750992867520526576779057721033639747742129076371602920213021
209.57650971685625985283564428988675217539078318132616246897745334620479801846773553754822881920287043610144640519925596597
211.69086259536530756390748673071929425339403098293564373621001482077714146779409413752907930940169541756501625392492835148
213.34791935971266619063912202107260882189718327663306905985370458536595880550355050241469701467071151337804959985255779674
214.54704478349142322294420107259069104559988805308307640008161991904065478778920294548025699544333286782370097129461306060
216.16953850826370026586956335449812857545371427416411097637615056594096807109292780433088981204514378416943685475035670318
219.06759634902137898567725659043724124514918292701135137355787499323790953604149941733881472228158148263497210207481626698
220.71491883931400336911559263390633965676114507766196570161193204082565193747364204844913675739688776630609504669259304811
221.43070555469333873209747511927607795022233107731990937941995151378725384337307857065652700834680426056873617759217434213
224.00700025460433521172887552850489535608598994959552976295036068233454350042278163906965594465352850866422744045630483920
224.98332466958228750378252368052865677209005448558742698847775254720569200391544890405816023148388237754074351254211129554
227.42144427967929131046143616065963996396914832197662836489382008238968457163676034488993106875735792781844035311882273291
229.33741330552534810776008330605574008275234138781851753263649248435617726401957470246041140247161226855379321960984853519
231.25018870049916477380618677001037260670849584312337140680603034414004772200527529710772686729123998431454918561196223374
231.98723525318024860377166853919786220541983399456249648472682389683076367486389114875552443035924347024763626019627798860
233.69340417890830064070449473256978817953722775456583636301480873894015470124854736294199728532246988963110228208252292675
236.52422966581620580247550795566297868952949521218912370091896098781915038429233282626144460406517401582731567837131190813
237.76982048092520400323662592638710779416061935211606130683144188055496272463515603049292475056394296502205183215035624727
239.55547757332762874026893203433449248170831832670616223135120842975394230011990269146265745419467434441836155368931598688
241.04915779621658641283792141033567054964568284472209384531986736412847476852801607238610326800393565007050314678046793767
242.82327193422260001682647445887854995394054376761493238316930825752874026053789738311741259680603237843949067225468203440
244.07089849707815823681652798984450134710019071677032745686964077492256241446104415739513812158724384321278754328961690121
247.13699007489749946755096817920813226786464200962718119901543000013613932820402952129220820634379222363835722383933359926
248.10199006014845925676214208465699735581038125844331916219448241115812038005580822664576548813101504104488072175780385969
249.57368964470720919232979418873997034261113068267073920889949422665291411479549325427597723770833728666746929604272895102
251.01494779501600114295415510370804815232678283153664614065314346355487614183746344082872404493317166131355194116654129364
253.06998674799947719459901378561809093008715024964497349791833998750510340596701924598031547964921499950331783765948723131
255.30625645491402275308649179400142315791003281496341872409834400699427174080055494634504414892453650327599328541942995811
256.38071369443447778935838233972953087121665239003274964955306017822740374244351018212337850056225998312166113205918067225
258.61043949153136820898305864475913163219440628499008589335045962629903498245260299061175303421219857209712867972544140394
259.87440698967800035067284461387659266619848146457021822722472699850552735569309484893375031048069080980235758812281134462
260.80508450459687018593123347246454803493895387242549993345997486514060462803011494575251174271325797799070687255591149488
263.57389390487013223308158813102330317031421943699389528397230139873220798396912340181396980895657930190379566059701142780
265.55785183887632029247730896418491464100498615248475381897222143472857862161666239338817745763734519899271900782531410138
266.61497378150107249572011297386791180663595718717011353412887446459784956596194293775241455701374039501481948659237559432
267.92191508282405944037896717218561837429256814328272379301681758232544647779089398257206294584788123519735182358430570930
269.97044902399760259469350531889847966292690528805630815380157451204555344913190200645642122519438315836015691175037476670
271.49405564164499901817941675752285069354351956299048946463340087075563202098346103430619343134495483172059074467803815945
273.45960918840328704571425029880177292284009967709352428907889538846408822497346003767773091673222550638408508046437909351
275.58749264934384124874070261937778482644752859722843130628409705879018893275811162652674980773833307586382291033109077138
276.45204950313293867988734363839924194807996668099886198520731233188043099554544661959505607892437098497264185955631536877
278.25074352984195449274827671131625892611790065588674095190304707032465735099962940383528044502268153715147192896361061965
279.22925092774518922840988045195535928349263740556129359472700937132731929199630507881682257819357926868776789688864054221
282.46511476505209623302720118650102420550683628034581735933621431541069153268435453063352144719824267906365383005016697722
283.21118573323386742049383794332893829845568487895863394524552244723946053379205026630305021330726282907367663942965139865
284.83596398090472413315763392269621646314282792831191808961354319630034317904037211012039706968979300782578042947286494384
286.66744536300288429284762414641493934386822628277780797748075337041806593229276039323667947979834949974614732275276209621
287.91192050142218715525412027186751038546141944057065854510902623527556330788706628104184957719441574108775533702566504875
289.57985492921883415273802356935234388966949836294255069653144039554893757809192482021476797528027489903172796867299963533
291.84629132906739583551305442463851188282063559998213554569182577429589619066229869527573619249629013444286056468141406448
293.55843413935628535677669710603507734379883435647095392831292099856920564489182107762687380593633721986316393762837481145
294.96536961926554217506644863900967134305544588255061622344664993551211366813019869220633911974242125078141125229929015897
295.57325487895829238846083145877861063728515711063022266438879198476299448797637473913777992419601097336405610277773172526
297.97927706194341520992968295768283418105709718979891250187047238794596644662760218998603782256872377297749675420393856156
299.84032605372131296002705252529376925421557006434298356098887562878183908009597599148903036484165011912757644140458656501
301.64932546219418362347010020841798208110561009352329461729227406968079227042320860904220791423383756858922253603767230423
302.69674958960691705175147709535292276293582041168149794417033731799851504681636374226430494923859035142469398423346337275
304.86437134085729770014874990314449959258694583824194606038985779638547659165021670280176661470989804012353272804083447818
305.72891260203680928922282126166096725696315957908237563156360255610672872472964197420642337334567489656621897272361492300
307.21949612817005478941003339993450226743384827842283908970507144457826412188720540898989951087900805491485622569221527184
310.10946314670189880478621976799894583476301318153288647837625231111888164061142855230569198097457784578554221315547973925
311.16514153035600327094267080035481989918880493970386862446591424408349436478739902408031721868395085291387876190849145036
312.42780118060089198048598309287426376285394009315291850795283551691013519022754091619707699858775112641522587267052598355
313.98528573115892297904896575457632856802498157515416603009978044805060119242556385249915694379054453382403497086446059553
315.47561608947573386859607814395376533577469763098964470597555875487576998271547222296123616782866530181760876568019598115
317.73480594237018039564549420496811401524274058514795144845908757429620700611185492399760582873653693816264233513496450955
318.85310425631659790668918454774918220301310241088538470686137804602596724753982134042350096219878957153204324796170440094
321.16013430911357829192147141743069402975266279829227483820118052993319972777577468194476811020975261557523558877082550329
322.14455867248293229883744500598854926037198020861446539480398631040337107758947596301898979830696837700860516712679006259
323.46696955751205050621203041479516335676308717769456156563019385947857832822742784092016882290022684636506986061953812346
324.86286605173961326498008699540040991980452105153319180578194973798023035293943208655052311017229640274854030805834921288
327.44390126190545734346926381632070335669434825573195187457021643550938500326942935499700482049208252907576834763557385886
329.03307168048093403361472757680394620369282560442143654668523167232855404258074183017348030164380310492944496922931417109
329.95323972823386634389212218863146605832392163894895753913176056771111929492123773568207826074599758373503000410332623033
331.47446758266342437566175386634482792321760031351190269344914650915367364033396239631404523076793185655481990673240834917
333.64537852486985058496168308087942538086782643589180161452095247359069022872979935011237386013240082226258201885988851134
334.21135483324438323240340795919249315418727702200142072208646472020369305166306747886424882413644228919345428809927467525
336.84185042839068479465476291941188600720836856062843422204063020577372772252470207926327053092575441882381075790100653765
338.33999285080661188625732608716320339091764356334709847593682022504612775116980953196287285646882634484370647058280322473
339.85821672536354019232655093087399718319704424976949330542671333254024437027798419133442895621035523690123598684290195363
341.04226111104656048259778459853691718733764747073722760858506369246784185533792795458406290817555266099662606629703622163
342.05487751036358545140382509409805671518693066539548577754421167767740810374310392397339900965270125075850228571680499173
344.66170294025233704418118809819918578271524240281492851328727714966742584579963407645853308574828799979091008637205184763
346.34787056600994739593645981615193389819673544346289986773397186560500661358826055083515312667298624884490821220029775849
347.27267758442048447579709488806997967608092845685557380322547562169510806672696388643059875423822205106473573045589204264
349.31626087069614412315555573399372133608890556223885626169455346685503672864984087142757206720336837650589470111938220601
350.40841934919209918767195323448723446964587366433102254212714289640625264904959181465375018736451501787900171477592700941
351.87864902535928043671339307659693272993031966958543766189559735813112150908145019309503783551227717817644019677785390223
353.48890048871880678360376860943531841334326512989263314737830304826643959938021129540703362239038183817737383565234029633
356.01757497726494731796036196076644267571444554719387353943565673822388266564735577161626223994784834460475874665876021689
357.15130225203962480960292823229035661175708118511794593749663636366900291818211781389143094224264173134357986005613957363
357.95268510163227375512891898277744282346638471413830364239905446920089368613600247285281173524613810316619260361260211665
359.74375495311444879929198597699029540537374576129743186807271230721569316262870151340878391208728022293178898358265525059
361.28936169580465039029131122771522819087594163799583315251131264505599729087614582052324008015274983869575653707096614179
363.33133057897383474733444956661473127003524575875472911338963840486707950186332145192632810904955437538526203629820435072
364.73602411408899371626210212694040001720230030568996683330746196839887908735434592898228810142441032867637995659273563817
366.21271028833131686107714519680657417910937537986061349522335882162399466251591254736530220910129406169264792333570229236
367.99357548174030332618329804420784639902488201851654586450247493070360715632376236483246221908530978254316960388055306197
368.96843809573438989157690129989191063819441378071101169466142518047330556652508724514839242606597093880750183507837156151
370.05091921210600033965116306126661142246659393376873298152500497092845991741226059508464921002491199461774393942880984743
373.06192837211283844911939643128539190294177274231280196371134918533311152009972822691338517915117217333860687059249420543
373.86487391090856974475636273365946094967850792226361182134604748091231521007005504743418178687817864989355226449796735136
375.82591276673933410790771414669302575292966667435520320216702943071390818984556083227756170159673787565860583289527790808
376.32409223066805211719081961242757961296202668497608707756569423941876032670127897615287884348041757858961052400234381694
378.43668024996547972409096591320352055631653093875784288830373802997500573482911290720355476259760548608099768092227969372
379.87297534653234665102405969044627156810915696804185658255812265488855061609249317594802663877986155423603786678595598497
381.48446861718652491966252242365739536579919838504258746416958068665200088921894721018810354724998110639528365064143852935
383.44352944953648770434575548072253690419931105650895682160002284308363319459269046720962368524342931592104466625287200759
384.95611681486368710375158420879351339027092915012354257406010320107877423707152390689741961432377969436025940819505889596
385.86130084597422918056195935980325761561180656101825902243352679478916110954703197711654640054772830630481405686101911316
387.22289022238798097594851473810981409096403929670678436223958120523391086810119870106776312476067102247475532642920724212
388.84612835423225460080942030037355805735540585793816145859528272629846217427839717328207845039786876222152434087835526805
391.45608356363804577057822812255413477222587011407231626053798564172225898257854084197593642802779684352693381961171899803
392.24508333951909674901518417099288056236218844513674191106410675202058704124690593795155533979400772270212650519253191411
393.42774384443402593669895292012886992049292892034554657034393535851032437354247216372909856337601673237534534955793244562
395.58287001099372097087771132314164213607024391035678399241173723152212937523972092190355695129147483861451506263187152604
396.38185422259218693199945449173052906376159968810212334351728958148271659193176125127919966570641388636008785006335190950
397.91873620961424338698117971079868380448340129118206224590292710772576681733658933519977241558642534122125285190918211740
399.98511987619489950591729986828964577063890996139312800893786177230415602500438269139422207420090298657263272680764653972
401.83922860053321653991130437828723072640040039325949599012437490952862978380157602598945546898068909350185195324228409896
402.86191776388611417631544309603963469689404147710524501090074286049070686572573989846837295254873901331866068604021728274
404.23644180020800474022779956352769019614058675204808369830864030922713904013111287515575859293552658124637233268520284436
405.13438745990992725748626802541673616275605847702031533904141921876912335529506710161571720525339786161343993469491277636
407.58146038689618207630900118139053764050614497450968077926346294025544679083286523799046151066775777115791777795725685017
408.94724550235111251963403976415790179562289174919111455202982002254405785831602418602448089299753353142793059527431020485
410.51386919336663864676910528486718778969270729827035146406090265606297919163744487302347270687592275452732500064152502651
411.97226780427875066464029850727291740753912508529428285467464874460037582648548164576563740444776626062144304788193684628
413.26273607018504688625705931772909087064855851117089567347321662320339231244349489800122907467655719155271604849118185571
415.01880975515511564631921146281722150988151070359366311852580414861219667808759395707837875927678956161335978840752102201
415.45521499629459885712878248666982493169301720795395804199017481665490159365884778636257536337762176241766914332455320339
418.38770578953477922604572309955479882417240917792469448520762038116551629633482445335115487986586819921762326384028041983
419.86136481815232368785230913838281739333016901606158295754897737874802535740973629832521621453404680704047014317997629754
420.64382762504178626797465298500048070245751902178913690024998134816733137903535486516326513684440314093125458442767802815
422.07671005882675962984066544938137527424591817577790260200264146600649685448776472814646337380637683974451001252521198604
423.71657962748181861056287473176607418926279352036993664245789077542872312526882115181737806982216516156644887797909328051
425.06988249446134761437469264915643134210415730388942906856790462860680497103714418303913742498974759673887306509059365014
427.20882508407458052814293388571159838519149380640050798891231887371841612301666383041662525207420114568317994323746327736
428.12791407661668211030506848631815930926093877570595909111414178771613512809360896271720299525164262969670328270890962159
430.32874543093863666992698154185486268415350529315128692660141468837132079977225711594226304731283382591845007495757598446
431.30130693070359201950512192755568105351882691612071844421664998088900688535861635726593823274499327577737877912770525723
432.13864173458856830625324910895271690513948833500373506042017967624840790366830657232927013851358699514989156957246653586
433.88921848092722530294661105079290244887622462416067222701483399562272598078056268916271369898031918393167856709465093594
436.16100643264698407180151826237803798987125116340913971701833082858061705653934540753603383339427537111446453299886989115
437.58169816766858115401316723332545949879014178832746625538277585191987818483509386555116711546446449677458842320531968462
438.62173865627219629091501013717039562978309811233195427926378325056918459250559233590212254142960044325088334588839310097
439.91844221437065641022179002702403928083281618952930524169393671142826982184577052483532928945691897066648938283571866063
441.68319920118902387420443649916799307141932364702444228516913378197024253920564418492810324189461332162022667581717118335
442.90454630260944946972310241276620206608713626613150954014795852124489584555390665257171193426842798415503924091769029195
444.31933627755915592030574353979062094558731764465226849657001120053721388571228933829853404041646887854104638684264362561
446.86062269642952252886087518074674313768164882064618178088778160609799734018745971643951625365255485538725169447810052441
447.44170419449329006552692530360915973048069636887521137284039057665546213568170968174146596410686826264087711536372454014
449.14854568502330475302350313470465000333574564805929565716276621687845086793369452225893164485276340259450992897190292500
450.12694578031352403004576252878170551439076539684459988010836747863161868989229334077891710059468119167385277156061967202
451.40330844538879546211322463135881120420997374786045582382925159513250329657228400869937375205393533060114656178386430621
453.98673780667791603836681029400485837224121097122988873898485305018921854354908072376509021839412024315648731017018988343
454.97468376861678887530943895127094592699490129729863445762736428051988886607392992983794675626780609470668783267339261140
456.32842668924605122449983006305548349845748531816601327620672708300269854274225234526548433719957164064649563473880611230
457.90389306410297157469932917178764504489521230695380971557874394310301084247820587910290387692626963506242025005660464634
459.51341528110601175400994380204140538361330885273160558367965173639961469906734897604904162142415465303991580205422743175
460.08794442217584125533025542820654624552355377786901365897678512691200415878591862102368343362959735084443079275991225231
462.06536727488253096383092114561846204322781755400164035948015004685181280619139075489797431816383080390953054646913160236
464.05728691054828457624608478366667591583268328840725849849679204873398879116722337362747513885246966778651579531302337882
465.67153921137109455296664574399552885149476205854157249382155478442293669174753665610286544405862167491064366988811711037
466.57028693082625516739212595226441209102028417893880694441954351640395518665559059051312967196308367427910403164634501372
467.43904621026163885664500138444684232017252471164212315754298763712016050830268229051299872410797715038848779789747653517
469.53600455911203219181906882912316567800343556625915090810217992822438798084518645187160597841757253472596029271622289958
470.77365547810164769011887945443635354092885050910055108175579605878863074507450062538435121920219681088197196208494855151
472.79917466190881665829799268177000319697305975481136460470065369824711102610135846841407401958831574454823828218177457305
473.83523234513968707380546802338304369066159885502669605033240722901867267206496773859398223924630225744795742799146459782
475.60033936937578560542881992367992506240551881225795678185276770976128816599812989231582117063601809666412935865303273255
476.76901523748452085284868919546831192088761478433886863525876551140186712970617285184534742915589175858511809982338401838
478.07526376667096919987272740490951431988042880487915013942111371629015345219818102626780176209694073973647205848262490667
478.94218153463482653831710176703848402190424310960189553174422319680004296426096380547662884258407979934882297826515600340
481.83033937628656136668137628509759809020300391934069751217983146651212780775317035650496638851822608278418378510994759578
482.83478279098239730655699667632164646869674416877710794702197245939918191261889804885395846352939834653161257984272160727
483.85142721248253756018822108466812768888958696653670171921411206711485564203112014785834026005995841914627627974882753751
485.53914812935600693002542365808211726080647174976315436097606458659571901607137000272739031222656348679260379074016648486
486.52871826165124435236752626994149943622792352230540216908290008528609478339535967429171113967708492668418063087776335567
488.38056709001744852711143066481192219176718846041742632397854853661964275277196411080288451120727954467802708548056070991
489.66176157795613151278090417497710497416927268391951088435906736386449934089276013775941760931648765913205800820658583672
491.39882159366300656921333100853912801763384752472989664129479174034030438590333936206336839635506691961730515574036045296
493.31444158178530093636060404322708223468675917257335523319416695276245255948633578704138268946228365660836643415394513316
493.95799780536946490958309128688515198541246798837752337993644801812569087970978664639955825905223436729781874915651836494
495.35882882213127749683413273717059826264124739797665257064784475071591233521819274816229243531151752546746179026356004857
496.42969621575910348391891281607302043622001101134634516650292534024491696113695799839805667033454688883724363755985566072
498.58078242968654201667508291248790516156147633305376665662349205107983800167520267255657749917073954974287029667953048894
500.30908494169049553930939072517144647270487036964777087618201785992513946685138191671165022422265739411049655880394920412
501.60444696514547766333254576285117453341938655099144463830328554588463138693494895865608870979924993144361435114058847975
502.27627032711823317539950733388534254865170783885156207893630111971243872562923996906753296395827633797562140769621522191
504.49977331342773718379126222836138915514881706691895548827855197964779541126139074611674287948104836327120327591861438934
505.41523174224444202955216610928285533811449651304672594422119902879224289211800695364154255531317901824940717536991309269
506.46415270952353122152607478064523073926962669233154482896207548406716007240345864476086819470463712567060318202614583247
508.80070033646782080946967250819199933770558799716350729565486555530440034409962383404746298724215924397226587906331005170
510.26422794367283442077951765473492513017125792929755772239578289166510091147265149836983818043873546817021171422237990675
511.56228970037459546045490448659912557031268370901331564380801765142732331338553502697275271393216629036939206922668182062
512.62314453140741866710125494348103406961113168154422864145278229933292066773807097348809214323597343557490608613363965951
513.66898555547368343624414641792610882795189321012401541847678491524026354967209674744090265930113540657781429000465288313
515.43505716729937724967689367295731070818807075943904086708264053951591863221958831954395902465408308574877982679209301365
517.58966857246742534135796528694054883279205800704684101553752352091035290932185060477776856004211244501843408039739763773
518.23422314755014357385827437347982066906243628741260227308118816365566118221727367090371537920018561568336268799372599524
520.10631041172325590319614613426185807562244172429361507575175335292967962439871236900412151521968402938184967786018955309
521.52519344949204096773239816319414120378699913804074448817848355899803518949075048566485532328849864735085556140963498125
522.45669617773021043014441332251250813758797793387876939999673802626046063914144683997319579131309318737161826219531350066
523.96053089201584048700750948097210253396423722811271162632765641282125531347221150135299961701667430518833829627105406535
525.07738568727962218059121763013804488884934748416378380097155154759066851428580197712369684050235897840372890909166546623
527.90364160127234522961726807115412042585844548308870528729697507568432871031488622249078674724106337310742129163662191520
528.40621385229265894160889664738364266268315741069934519444165897519222396242108669634333276077000624684802427733640332475
529.80622631870690079816398330156482935704168924241575075998981883534731696066683596334411264598358365795757907506804198030
530.86691788396108964438743451485607017611076424054370116470567394857467987724572110903898073662871279824268247989530381447
532.68818302829373050512644556914356847631028598867140325408130051620448830757299645384137705904942151459327435354433445494
533.77963075376873256548254602313547272191811936025966654275394549536918194167794508720437553819481840235943094624800847554
535.66431407587322461704612318227471468144449894506278358470867779733102454355175328320061606837745239377647640268704360827
537.06975908312232758838973775358226803872663638678073369498383330944657138949559961554687057834270244306360669578834761765
538.42852617624796284350095523978156677063870135926114459438584709919887160166054178803909254404895529426487300796460117773
540.21316637622813338364566898996335095302403518190000974226776350849633762345306555967768012300409764231936233650207083513
540.63139024729511736012807759917593402704804845465086834206538306015627065539377744091788948226956816209021919984107119266
541.84743712120128154711911350890673669341512175313629188151496108948183330372323860155703846635632239896313380286590802666
544.32389010100526290312130875576083620450304227888115845552722866786090884516849281761652708913931923098640322293810074840
545.63683324893481825485543979442205156683033213520265637535901915934386317717575387973289104885668458422017893857333085034
547.01091205812229246365588179312507166425950391483465747229583998450664788220226860337279458983786109551105601654322107816
547.93161336448933831045115942614555752543878568625831854929276515557185096747888248579172906823351703917817712810117338009
549.49756756266137845998473387977356996362431655819838597198488337750031050889845865777785551905427947735452912695298242810
550.97001003948388904565723405699388647363030838389768728266777256729777952296603184441301622687913322415404373137446040775
552.04957220056489279257670254556956968042736690794619330610005632101989631101796894343617387634688499283115286124386283686
553.76497211915881461714978259209355571120369425259948718109122450241119965894483001226699541431295259552320591014032463042
555.79202056168250841657322148535518932669756920078431903964463682278464009838771164955660796025077020796649820799473511633
556.89947640685535126196421865614637447261632061571986282067787214672895839940723410723085541706758286214756617561586649720
557.56465917205852840852398987433127778881835503243809466648619114464031966520400197398629794502837449743857916865914695983
559.31623702868216376093514224020578897156754622797349899161633845827263091962108113395094607603067076396619825126096630540
560.24080749729566824179327635886051982658617691826963572023398962058410850077997052491344702013238323260989919046152274164
562.55920761604585110813791669532453623964102195878452212783522231528329557380874368496698200519015641919723077601197739136
564.16087911078611781387953350040652866393567073973587885685764563457943051558591587747205023664077964503433629224747885614
564.50605593814983512224596893897684057691014609050259444778991767504260954706308388947622455592710268562867522552341694878
566.69878768280795624151228066724072631843608418293834810623228047565762020743807589334027429430707658795369759199133907435
567.73175790117693745033473049357506464179940989543636662734345880903443839459823475423277265880525703569683299020266866074
568.92395517962936849675348741686615173056926720584512138704543869971051559482164754764151590855608342438146550947140679108
570.05111478246359203852701660132786884051162280285238958174135091738936369298933004963611119870126564206863607853384434566
572.41998413245276404527692710734686214949044725567649499419583140455295215229076875800906463553601646435837598434011200743
573.61461052675812998724603210964330093722689559534602640838004078116826621332740687147894074167092072077099984529023650789
575.09388601449488560745717228219820785258424161281323665406822351927036321135375069119516493806000813095678078388184503355
575.80724714092878070942933289443044385303702111596365724831967165781874528971048812246283965519904670812354731951988058886
577.03900347209821121663708968773918929675936757924525594963888709257824668442642670799829659618225560808061043150681979287
579.09883467203660743128436432892110014803352605693621424726961925357217402371505992521876861604194192121694651336133655586
580.13695936238462867271627634803320000916851245310540842407179983695340336643909880561656271422415048083504474841755542557
581.94657626590162555150611454472395673251056312658637716090951734710211040541767658175957660259356448657206106665172151611
583.23608821916727826196057364948566209738962606957546670668012198529482206441935147050991269046386470192086023030746255524
584.56170590346552836694589339345446684922629887450668309998514841483428442732941736550933942122571971375783713590184626637
585.98456320498830057418725898558899083829406030051884253268143360773033386110912992867130856938641754384789448420852842421
586.74277189125015564477184508734522087471206506512387965218568495120594369216151257787651890750337711258357646280500910877
588.13966326624795641755423527049078529146577918414583562807388971457719095362723647834743084690289136969232236604913701007
590.66039751676527563103200331027427486077801691222203012503037263261579442647266971448767377570660685719484425902389691513
591.72585806504805664922244647274055813100462003727746114419349832485028179518225219740058105918018803746755962281230004036
592.57135830022556982077271612031647430406512281254244811999192854921109634699139020284144063888711753987986096678814384310
593.97471468223102924380517450938162622020331304692878895163320498938233831563016126552252439021256511098578119216760462341
595.72815369738894917702092073286780442266354439995732145453427455649317958307974072782739308621954091162578425238052871245
596.36276832839368408957909707046235620384090261266231598319226724213381735738401559973610672780460009230933498035146855671
598.49307734616475440106358293611005083738403507930911533589303207802178950707205780812254588649862772285026707575209802444
599.54564036436485399751539514444541029220720796922664519418947203566386618971008568622306730163948502700263127062650209273
601.60213673593263605173810759596850847466465261703911793820425089771669978359638969984645112909287689892765895683053179685
602.57916788638735429882272454283781845795443302319058123115692930072587261878306834800217084450959350102096233615638013580
603.62561890357916067224396685745155420552600682735888013880679063873482165753072834112790594251712755916564738999290054579
604.61621849375323291463960278864923753581109275575424603151491818651624023462516838746855502963391546475269123422867531860
606.38346042210904108867431123988374521386914770483685562222867933847866190122468959319665886061252009908435276538607918135
608.41321731118732517512672375717967124319025272796800524480653405788797080482619612561610324162304723867249118002726284082
609.38957515472008052732387954789876784797113351640538774337102216794164097331641969303821229184025857552502968045175988287
610.83916293773940692670253776777883271190419809089622809190789648551703622074968713034379194602682665937421691755948113632
611.77420962088720463516836197265696690447853029777149685935194726348266668247845690122856697219894647694705807059565730522
613.59977867563711940518645618591430339691642090552785955894261893679110026004525595228641943697238090473353553007334055489
614.64623787223262152555308398761923505230256826123684249797471422039366693721941605581774920639091628260230842858108864659
615.53856336940702785347426589569947438997134735452457928768514896716223945194108909286611311439535900446021322783216801894
618.11283136644237338254022702458092636326341620535109052054232262482756155151974108997906489565889772130943126513005787321
619.18448259795363424902814642431181239404384765692607657362853919887751572254598607408774521311390167045783898903217704327
620.27289367222752191908557259479289640139736895864218215955191095247837873092421132648107554267098122810181090947157337277
621.70929452794862295729863306084837185651102775009362189951469283312729823500386432155262866679320405642392302858383493872
622.37500273977900921788154377912352267103459252674429657302618483874561726682965824310601575375612905962732863832695522950
624.26990001817788083477294703874997387053697171756124740196128824299675277516020909497365949585680614003633743823033803607
626.01928342765438219833621740589555995542675472368441845774506721569299484303132316958627620078073808835287238842552205815
627.26839685078302075199764559638329756949978773426296218458305483456428877287452755830230702639975622746422563456537115592
628.32586235946036193594381566512153583961593831653814672309424877634625437191922854792296956240572921319957369599290200604
630.47388743829204587060658677634854985010398826908032944147931151334449784056000600934511757945122559881444530054188069625
630.80578092719753264187172524814688683398729668951426104484130951134303719785693532522639806222465590357485189723318729006
632.22514116711595195215470592961046845728508753879036330209323917349903007399003895638241527938976817812936667408648697684
633.54685825225177748419713345878245928787431763719037720011854417888149071594656476405711500096792171025547746880547707050
635.52380031060545381052558175111789060579179340709719171011599139641597276943201843620712286241558914962650814883233255512
637.39719315983730717374807428792947825832766657769694137048933917188372292802497419145067492098691887364565817057926829198
637.92551398082258109342883971652389507571653769888859588749502747109932122687841401556802645265114262874471555960730664600
638.92793826685677019377269092137186219209933838508061155595041136642641333904570530954125060819516293312400762953013472415
640.69479466882566762318753849869779520897346861531818049011028885760202838794551113274369814369742920278564131715532058235
641.94549966570529454537853855321741111053380427695016811028969900001190164839168504721905441776574282733726940075187224161
643.27888378139788936114336280335710521951607979610088525058025517138266440745671365823684468551131730243333917045955886970
644.99057822974800251244371232469925862593880821182904816119097178125156836479712874249680160734944936026920089387369848201
646.34819159550159203388094162166237653809386286226912630707959770242877560607570715226658209133960649872562667002862355699
647.76175300428888379376680895224885011204812331853422869848028272861068406317943645319768830144022870829054396596723897926
648.78640088878244077108013376947459835963018375387511972108094222700192387586105259240914703328881626132293914008041999057
650.19751934525645908325389759235632352595936678873500823134691694545846959328349324572282881630858743374953002759843356837
650.66868389139598253056063305467549162182599336152014049282672793751877052256073078948806808966081870085267885857428087355
653.64957160539469190208686495944932715711389173686546100720772849087713662273988636937665563424010293946694623514525335088
654.30192058631934227547061632298174212511263231834344489960402507393565235302783062758837824776824176385818503465323812131
655.70946302235563631602674275039580428887720794095050358328768084325804639574016979919382815067188791236137192373039797091
656.96408459946061742286989658576392779256833847989330013737954741961224449115599621519836740497275594418679412937322896814
658.17561441860539974487980790927664581494713036110556848177733969753277480166760560094311743425194472680438293670686587999
659.66384597296410783116518214602363556440412561504541738611412165994802687634188009993692577911280324214967875304927311776
660.71673259527927005215888125181468504716008252770633473438367557247595999081769993494026283768316752426186805593845867440
662.29658643110041064437826639180563902861980836016374070023390283372652203602207483295300796710746431629985815580539660036
664.24460465227301344989025726143772787018797039546894530004287694897735702999122129985858803185889715805793629282572680899
665.34276309559904054278816979251601823023739860820849702909875865696861889172109521448990899544476897334247968189254187981
666.51514770417296054877509581923204282259769131543081522928146689803763444045085286211676693475118948176358114566899573870
667.14849489455542994106921327453273594950037339060444245316029688633027601349645120619090469558611153224558891055329928705
668.97584882023513140619227966226342889490802847658728374692612009533640811283898982063675171569919434849630531520177294843
670.32358520586258403442955331722175844991114495136486776953786873929215704800326471558629315241378220450589802220589872118
672.45818358416973418136508633517800576390510602319490126421773315400974661147684448114882209426525514448389163930316380022
673.04357828614764577013104065132060001026139760457193371173605896375124421334836891219471105374808590757308485617256672009
674.35589781012316789615632010608790099854665405915492652159982676922063723346757801571239597510615531519596577945896131149
676.13967436362674820317813571434343052525395905081121507246675447840118297767873355882517723429580386331388332981983328339
677.23018066876397324785479956961293230109061775815514272237801369111209840370376039449915597377061670926606284289205643955
677.80044474622133491893875739326947147982294768473481639489513231826861205933661411065668900543908428226392357576996830511
679.74219788252821771952593891126999534561355141590066571815566118986573163197545660289158308681631886903373899689639762078
681.89499153315188910945241108136765727856287475356765150141186502842882366497163391500132654284929637548568259311333862459
682.60273501975054548754083664487118909593475814156331185150709293458344251411262541848928797027514868481320057288482498653
684.01354981386950523619412795879451961666367402313458653560573961141241162230176697569181737611941362690166567539405818027
684.97262986209845254573666173834441324919214174687853736365141112527817576967573989787856770348048442823742974151281447431
686.16322358772794960347300671138851539343355925242562742068219005414009088643489299779080995062443193277100816143498562772
687.96154318470364848279633748968503552776179926549515792232982996224372912198765035115554185792958699955113125440742418449
689.36894136227236842325519282517255090091783252928041742751518525301626517976990290789359968216578627677153319846775612757
690.47473503235039769394308945390297172967334709693521672884798665080645494302750584916171336344015888322281011330150009379
692.45168441552084884984665236505928143026257010537400288044387327423233498883788529077275085666219943884779796286756917208
693.17697006060182484562309750809318195071298611933976691320414611559017196212962114825868060499957245926913394968905145956
694.53390869987314001563070454193222442870066417216576338866530135615699740968256550999052111603579857148433013903617322925
695.72633592092673016780142822772933989302535527035677383490577051025387125700919788030871451780111303817274629240534192110
696.62606990034561497090281851956110505693661086622845259674475744870433398114169760190427297337231882625991733743159246404
699.13209547601350671081616958795116431276698619702254749745615982512276316115720790525780542650399316685777694655352970682
700.29673913214349456801214984411023181921683498855652343090524841672920829336448482159616090064530021068785171798966840104
701.30174295464615568517391403947574389961963735052361950956374017253771331195046474707779506188088520939372368886844345325
702.22734314576050011943531981033740797564479952087950316820841486525545551370214012464514931319085562461541244916030443778
704.03383929552530932265307229582600395672710410441140460465642626883780061249805285193445517617730055516442207473348299656
705.12581395461922766686747943943914292199866155483622391351086041158152266820467088742967669524076640684581966527266079996
706.18465479951791902581098501600108727211321719330499820456598241784672640354739488835450201127243815153376486418030200403
708.26907088510989999526902863962964910897093626994668402469406322167406541703872862168119124292670139982822999315248093586
709.22958857028430070903469330356195235117516867260005862294440223202868471696769175510559417571625564251500336131738882583
711.13027417968543156547485639037759778219259816104359193768624077918233993843418184672841691250572324841892181918229167913
711.90028991437531203891507905321160443800037816494760809407111421829813273099608489313623210877005893378646708789130126016
712.74938347010129025461057436722149992899246236639078075128550494817977652089828477573691411077319624566977229749751714571
714.08277182066939307692452716596826726454072115972569491633441350092419726875818904670931909416060421217084039970375337506
716.11239645405211014818202647593088037330662910791991173910011602617945533368451351720001893238307698936502602931460740157
717.48256970310019071444189757932269776663416397032406264125283555073604016675540054753106112803082584193791723058223825029
718.74278654548589398844918268490937186504849680449059036901496362406227709542398668171230186092223234758068625135195607393
719.69710098836566513269096089758873060134033541443885039062527418853602951806309450739215061044216589573052268821116266592
721.35116221853641712838615869635834299519437198887330272073075870652245499054172503667198706412055958067528417647333052745
722.27750497567423734037614366018581253586977206163773977503885425715866604301884894454894128076877237341408600465911993582
723.84582104512841551167192240368018952881056716619685266158366827789653081485607509592733647774251853827229354201941341914
724.56261389037907959224621677140485132836011012299651593149706165257865066789779830000625648178670704901989085135705025143
727.05640323004938161764840527789085476994318220874097073655216011124812173923483357065827952286592947020058014128620379669
728.40548158893406003474435523293102560478739161112610882839953963426327775251315010973452422182503233483673807233271342011
728.75874979561426856613063227339048608224722014064242793943868374071966627742123488530157474876551198922841765816278982656
730.41648212275643470994403935435784668154548196756215913215015334141940243238505897791758362371045318881363557580076648656
731.41735491859852508074935696029530201024254053724483271155279946883866461116244392904829682467436558075205944006185893993
732.81805271449984920856752688777101730649808658274648169586366725816022740911583625236215429387225778599821201070029155585
734.78964325237799425231251000340454802699608532224957277179418012919589185507681691560952013550120523662178372603177532660
735.76545920857832107693218880523229800239327456881445580520084524729161208406859951525510562682078578934497367577678791274
737.05292891226530804231054087698881942335873369409643720039365309786286163122117588017342149064771265821583481514856647880
738.58042117137382252170544809171004427449004010088672068597044128556213050759565268353740947306388793065614264687892560118
739.90952367404194402970095938783325152042961510623620042100824155167436556153571246600331285289342798141261261896906047118
740.57380744729501051503597159715307132466498540546119489555987891937587877495504241623079265570754256063337039736363357715
741.75733557294167327586116200279170817867889003809796142935024786549719696409775434675274157494796015219883708758414844276
743.89501314247365938155014919786613528715040909967346239148480918524606889622382199082073795095038547731324706540781710646
745.34498955061187432564054848359263020844005583417987731983576886736225007769447436056784910609241256288955219824180228590
746.49930589943232950960500661862737987796761997636983136521043909951797181390538303210194094095777730382076162054207574318
747.67456362426952835956936787295266496304331001682663889278387108530760288278556202619218678494886844538057682018858968814
748.24275446508454786850329469893412154823624416740426982949881696140466384540585920135110719703086639837422152654023885956
750.65595036212429986680743837029462665506838700626523888089349084428526102599077099801908273849849563195939880758351982789
750.96638106665083726845841969542878542278624129091912421070452558222061863076978342555860400864161388223944427361653485530
752.88762156720237474950770500312655894041710689617505527334993329983517909991497561254513156472070629685381679652596897984
754.32237047171267268510308625059281433180414811161336566310834827262212830139533468073061785520271335280968031357779697731
755.83930897603782987279244037000438795680333839422544739120317561010203143368719240883296784102746969754198208046026633991
756.76824843995093072013321023474403428866005119911529198581738813173958906154080023048167708260113393093603950083470901639
758.10172924641258341148976829104399042016855796594227648808026025395679571497683699215598048157114670869977451108701305624
758.90023822489237476743539290540975648236121803362515708453130545497213109977713092734678520852488842286212080966815790732
760.28236698351206453186960086210369967698603271538769535394413065278888041852147155029566092127337109104268339931990850668
762.70003324969105472806899990857665316550864631498793214640544235572465742141105235103399577146823484165307984172038983629
763.59306617283722299697324717266435254441760779859116589727648599970394662927196324390570162775744177803875079970620648465
764.30752272418022173625122582555298372546570807080514253272898958932517717863696921885606872404315356629591876146989236492
766.08754009983620539442246482692112535039974719806300587052994697203123634573276793552158646056051739452192683123081934680
767.21847215553951408249941016240426487717248612138582895300115550909265798249640722278021652402726748872754565444015878207
768.28146180650923082345666502621489832784380405636007237439525825243306616206857178631812465920210470813863668906343847104
769.69340725262442432500665491041905468090665952095222963915783355546173052145633617967304346021333974327067963944474076650
771.07083931367831632118722191611928924948523847242200063880854243472179178806180190415540690144140623145209809965661421328
772.96161756575702433782916594526840967084190364856715736256969014399873507469399433909721920316963207988944767009380158212
774.11774462794050740214190939655718899464874305692370129254651200292493183380876978780469062346659892944837069257936554586
775.04784709658050805001699296920556065181629999914907568570040499410994690509722314809894824899784004589819531490532813018
775.99971196317144247773158260303119805896724656596665416899010000144659239972154727310510441891457221109552104456868581552
777.29974852959256481651097706287499043406783023484695002782161068785571586644072095269043656729258559142317300895169849942
779.15707694918900406392453774211992406951995328438467187498560108684442808211893099328129419308535736014858030861394794780
780.34892500418167053812778355079498695217518028780637423429488021003087883396481122645706979494134076519661345367923277798
782.13766439081209475431768732778656517513349371472700992560780035246965148542743106251881564346567957985620854218567840093
782.59794394607353986616650574409293082989737774868389397157617415654668947338813458218451641199692192354793294507486749287
784.28882261246550146314609966577582028787455543828083129495270732005424865101032633206678913244858802323259632015040543748
785.73908970071505184064618776907869430184165073648197802444308706856700625540234147888321142099356788020904541598909542294
786.46114745050627745989678749687847268332969658933661696087101033102519689308877507224601871091061255797029863216287404994
787.46846381591003838147349962303003696400511736007392845003241236573336441759910095727573380091604980052831383562606865569
790.05909236411956429494600325468193375439025709140352046777145858226044958952357753043726255944470820865774215014487963317
790.83162046792103501908293139479826372245277790570208743213274918592353661954132821786682912164092036835127133256264968470
792.42770760860452686639107018912141279560800215753414798357411462262282006945374393443013660720689659433808087773386326806
792.88865256262258804224275320635308278605249521915375185027036975807414415684869059042544633439715514993921706422499750506
794.48379186989316448131837527744619141905530294931268409181515472859104682062787511520608124208979228814164656611082155690
795.60659615616241262791255804776511312182257831509636720762531947310754022450089134967161330066874255235476174603266322483
797.26347003803558491619170457741738947467327563195140681190939084118484667045019182620280463731286135768566968598932038299
798.70757016629621130969195342172827421015177055011967218619998027305272921751766281330126702351722380117446311910722214110
799.65433621089763277282689066353753678263881585720413244249237138626815193291204217388792061245659154841171030312748451093
801.60424646298205596667661614243729848399383142638733856115992508685850021973767629161376609101504814083454451002056467933
802.54198487841814966241714105896808612633067157671199138489172107322587528074435102828524468508051067256950493431866844203
803.24309620427019419022622905382030142607255229316964904026988145094659700396598005338118218356997467400655644841067782381
804.76223911266176395159578396303783643788954415345753526021398891428446629751757194508741343792129328710186715055923735803
805.86163566709480283680319154272653043268925516153023322813674753683977178004971505325933841469552119314757349527903024739
808.15181493599374739235585858094234719624757588766504889464545590846187058714281971547015170644629720497043299590179638357
809.19778336330071038771960479501839575008454675019610733225600981362378866272624945370988128537891916048997446744174723085
810.08180488640709989152472990147138954790079176577970518950131888804067279334661311287015380432349660368512554486669324480
811.18435884650626033788432746488002207703453963099404770390649062667261619375375513876631304554184086670899508208356622544
